x[m], y[m], u[m/s], v[m/s]
0.110833086, 0.0016631111, 0.113664471, -0.00182380923
0.110833086, 0.0033326745, 0.225548089, -0.000252912199
0.110833086, 0.0050022304, 0.254564226, -0.00280314195
0.110833086, 0.0066717938, 0.248190954, 0.00258366018
0.110833086, 0.0083413497, 0.255454212, 0.00252562878
0.110833086, 0.010010913, 0.259968936, 0.00160017738
0.110833086, 0.0116804689, 0.269961894, 0.00408854801
0.110833086, 0.0133500323, 0.158180475, 0.000893724442
0.110833086, 0.0150195882, 0.0288666245, 0.00264510396
0.110833086, 0.0166891515, 0.0191029943, -0.00629760744
0.110833086, 0.0183587074, 0.0318025015, -0.00415554503
0.110833086, 0.0200282708, 0.00246362295, -0.000248341588
0.110833086, 0.0216978341, 0.00082179124, 0.000583879882

0.110833086, 0.0016631111, 0.178409457, 0.00162033713
0.110833086, 0.0033326745, 0.294726431, 0.00343712885
0.110833086, 0.0050022304, 0.338520676, 0.00286473427
0.110833086, 0.0066717938, 0.345289022, 0.00943501946
0.110833086, 0.0083413497, 0.358529061, 0.00776616065
0.110833086, 0.010010913, 0.367402911, 0.00157580594
0.110833086, 0.0116804689, 0.299434453, 0.00152586517
0.110833086, 0.0133500323, 0.268655419, -0.00185160001
0.110833086, 0.0150195882, 0.340122253, 0.00456379587
0.110833086, 0.0166891515, 0.324479788, 0.00806317106
0.110833086, 0.0183587074, 0.153764248, -0.0011895569
0.110833086, 0.0200282708, 0.0437566787, -0.00297267642
0.110833086, 0.0216978341, 0.0031759222, -0.000913273485

0.110833086, 0.0016631111, 0.242188513, -0.000781717012
0.110833086, 0.0033326745, 0.389669537, 0.00177673844
0.110833086, 0.0050022304, 0.400556147, 0.00161568774
0.110833086, 0.0066717938, 0.374972552, 0.0031479951
0.110833086, 0.0083413497, 0.38301906, 0.00353310956
0.110833086, 0.010010913, 0.402853787, 0.00360447681
0.110833086, 0.0116804689, 0.387814075, 0.00532968854
0.110833086, 0.0133500323, 0.341340095, -0.00100996986
0.110833086, 0.0150195882, 0.331969321, -0.00499780569
0.110833086, 0.0166891515, 0.297229856, -0.00779846357
0.110833086, 0.0183587074, 0.135663569, -0.00659787003
0.110833086, 0.0200282708, 0.061470367, -0.00355233508
0.110833086, 0.0216978341, 0.0210268833, -0.00201380439

0.110833086, 0.0016631111, 0.272536755, 0.000877705112
0.110833086, 0.0033326745, 0.383379161, 0.00422663242
0.110833086, 0.0050022304, 0.416201055, 0.00304812659
0.110833086, 0.0066717938, 0.420474201, 0.00303736446
0.110833086, 0.0083413497, 0.445468307, 0.00624073064
0.110833086, 0.010010913, 0.458785713, 0.01117256
0.110833086, 0.0116804689, 0.432465702, 0.00801769365
0.110833086, 0.0133500323, 0.418229729, 0.00475893263
0.110833086, 0.0150195882, 0.422236979, 0.00675703213
0.110833086, 0.0166891515, 0.32627666, 0.00287670968
0.110833086, 0.0183587074, 0.207248107, -0.00226682937
0.110833086, 0.0200282708, 0.070516035, -0.000542202964
0.110833086, 0.0216978341, 0.00705027906, 0.000642977015

0.110833086, 0.0016631111, 0.247026861, 0.000588073686
0.110833086, 0.0033326745, 0.35261938, 0.00065066712
0.110833086, 0.0050022304, 0.428624213, -0.000549956749
0.110833086, 0.0066717938, 0.43919456, -0.000371877279
0.110833086, 0.0083413497, 0.424992949, 0.00173638551
0.110833086, 0.010010913, 0.4216021, 0.00336705125
0.110833086, 0.0116804689, 0.400300145, -0.00058641372
0.110833086, 0.0133500323, 0.360275894, 0.000565478112
0.110833086, 0.0150195882, 0.341912389, 0.00136024156
0.110833086, 0.0166891515, 0.310100973, -0.000172854008
0.110833086, 0.0183587074, 0.148797095, -0.0024126051
0.110833086, 0.0200282708, 0.069963403, 0.00106169435
0.110833086, 0.0216978341, 0.0287357662, 0.00092007342

0.110833086, 0.0016631111, 0.27055192, 0.00276606483
0.110833086, 0.0033326745, 0.312297344, -1.24504904e-05
0.110833086, 0.0050022304, 0.372399181, 0.0048376713
0.110833086, 0.0066717938, 0.371324241, 0.00214561913
0.110833086, 0.0083413497, 0.375879049, 0.00463307649
0.110833086, 0.010010913, 0.381084233, 0.00480680261
0.110833086, 0.0116804689, 0.379575491, 0.00357924425
0.110833086, 0.0133500323, 0.349778414, 0.00364783639
0.110833086, 0.0150195882, 0.388459414, 0.00497988146
0.110833086, 0.0166891515, 0.283386648, -0.00173066358
0.110833086, 0.0183587074, 0.0740628243, -0.00437521189
0.110833086, 0.0200282708, 0.0356887542, -0.00251333695
0.110833086, 0.0216978341, 0.0147804339, -0.000769001024

0.110833086, 0.0016631111, 0.20649825, -0.00150041003
0.110833086, 0.0033326745, 0.312737882, 0.000527657976
0.110833086, 0.0050022304, 0.359704524, -0.0033178071
0.110833086, 0.0066717938, 0.359692633, -0.00514494535
0.110833086, 0.0083413497, 0.363212407, -0.002958989
0.110833086, 0.010010913, 0.372571141, 0.00175691186
0.110833086, 0.0116804689, 0.374435306, 0.00227190228
0.110833086, 0.0133500323, 0.369404972, -0.000509396079
0.110833086, 0.0150195882, 0.332629144, 0.00079039071
0.110833086, 0.0166891515, 0.266503781, 0.00250809896
0.110833086, 0.0183587074, 0.19115825, -0.000294759666
0.110833086, 0.0200282708, 0.0846047327, -0.00221032323
0.110833086, 0.0216978341, 0.0230886824, -0.0015430653

0.110833086, 0.0016631111, 0.228534445, -0.0021810946
0.110833086, 0.0033326745, 0.292348266, -0.00236673397
0.110833086, 0.0050022304, 0.333655655, 0.00114767603
0.110833086, 0.0066717938, 0.327474683, 0.0018010505
0.110833086, 0.0083413497, 0.332628339, 0.00188953395
0.110833086, 0.010010913, 0.315495193, -0.00168188708
0.110833086, 0.0116804689, 0.316132277, -0.000868817558
0.110833086, 0.0133500323, 0.309454054, 0.00282086385
0.110833086, 0.0150195882, 0.290940762, 0.00228500157
0.110833086, 0.0166891515, 0.246599719, 0.000169013176
0.110833086, 0.0183587074, 0.154792622, -0.00373428198
0.110833086, 0.0200282708, 0.109822907, -0.00362637546
0.110833086, 0.0216978341, 0.0373927206, -0.0025010854

0.110833086, 0.0016631111, 0.159331337, -0.00190272171
0.110833086, 0.0033326745, 0.218622655, -0.000401841651
0.110833086, 0.0050022304, 0.2730003, -0.000657412282
0.110833086, 0.0066717938, 0.254680485, 0.000511978345
0.110833086, 0.0083413497, 0.272182584, 0.00118912628
0.110833086, 0.010010913, 0.307349592, 0.00356518151
0.110833086, 0.0116804689, 0.309128523, 0.00139018043
0.110833086, 0.0133500323, 0.305010527, -0.000184683158
0.110833086, 0.0150195882, 0.274045944, -0.00373337604
0.110833086, 0.0166891515, 0.227856472, -0.00188966619
0.110833086, 0.0183587074, 0.118254028, -0.00324008241
0.110833086, 0.0200282708, 0.0452138558, -0.0017952905
0.110833086, 0.0216978341, 0.0186038651, 0.000443157507

0.110833086, 0.0016631111, 0.161843538, -0.00230438868
0.110833086, 0.0033326745, 0.227285579, -0.00215274934
0.110833086, 0.0050022304, 0.258807599, -0.00680612726
0.110833086, 0.0066717938, 0.268834919, -0.00219377363
0.110833086, 0.0083413497, 0.274016142, 0.000477483933
0.110833086, 0.010010913, 0.278441638, 0.00463133771
0.110833086, 0.0116804689, 0.271362543, 0.00188800646
0.110833086, 0.0133500323, 0.271321148, -9.83938007e-05
0.110833086, 0.0150195882, 0.276334494, 0.00180817279
0.110833086, 0.0166891515, 0.231290504, 0.00182766956
0.110833086, 0.0183587074, 0.138488576, -0.0024973019
0.110833086, 0.0200282708, 0.0995743796, -0.00302587031
0.110833086, 0.0216978341, 0.032890223, -0.000818579167

0.110833086, 0.0016631111, 0.191450462, -0.000323916902
0.110833086, 0.0033326745, 0.238634139, -0.0013221174
0.110833086, 0.0050022304, 0.258804262, -0.00122159021
0.110833086, 0.0066717938, 0.259405732, -0.000275386788
0.110833086, 0.0083413497, 0.264337391, 0.00146457762
0.110833086, 0.010010913, 0.262106299, 0.00044827009
0.110833086, 0.0116804689, 0.248620108, 0.00197155168
0.110833086, 0.0133500323, 0.238373131, -0.000736981165
0.110833086, 0.0150195882, 0.239744693, -0.00311529473
0.110833086, 0.0166891515, 0.204548925, 0.000377944554
0.110833086, 0.0183587074, 0.137081265, -0.00461445237
0.110833086, 0.0200282708, 0.0705195293, -0.00252598547
0.110833086, 0.0216978341, 0.0348821506, -0.000882870343

0.110833086, 0.0016631111, 0.161118388, 0.00110831554
0.110833086, 0.0033326745, 0.199856013, 0.00125609653
0.110833086, 0.0050022304, 0.225208491, 0.00192447612
0.110833086, 0.0066717938, 0.235437691, 0.00232533179
0.110833086, 0.0083413497, 0.239015132, -0.000740810938
0.110833086, 0.010010913, 0.240526244, -0.00433473289
0.110833086, 0.0116804689, 0.240381807, -0.0028615077
0.110833086, 0.0133500323, 0.240176931, 0.00374261616
0.110833086, 0.0150195882, 0.219208449, 0.0028006006
0.110833086, 0.0166891515, 0.183932379, -0.00178320764
0.110833086, 0.0183587074, 0.126362786, -0.00323087
0.110833086, 0.0200282708, 0.0499264337, 4.89977392e-05
0.110833086, 0.0216978341, 0.0202720538, -0.000792181294

0.110833086, 0.0016631111, 0.158358052, -0.00112027722
0.110833086, 0.0033326745, 0.193908676, -0.00316635519
0.110833086, 0.0050022304, 0.230994105, -0.0033679367
0.110833086, 0.0066717938, 0.238400683, -0.00272833626
0.110833086, 0.0083413497, 0.23094447, 0.00372313033
0.110833086, 0.010010913, 0.241776288, 0.000451026368
0.110833086, 0.0116804689, 0.224362299, -0.000222147937
0.110833086, 0.0133500323, 0.206638351, 0.00368971867
0.110833086, 0.0150195882, 0.20415017, 0.00595791265
0.110833086, 0.0166891515, 0.17843397, 0.00224362686
0.110833086, 0.0183587074, 0.121461898, -0.00322460756
0.110833086, 0.0200282708, 0.08742176, -0.00370928342
0.110833086, 0.0216978341, 0.0372021757, -0.00141009246

0.110833086, 0.0016631111, 0.1407139, -0.00196491973
0.110833086, 0.0033326745, 0.172395736, 0.000306359696
0.110833086, 0.0050022304, 0.199662343, -0.00509384414
0.110833086, 0.0066717938, 0.211078301, -0.0055240267
0.110833086, 0.0083413497, 0.209403753, -0.00105054595
0.110833086, 0.010010913, 0.210671022, 8.92550161e-05
0.110833086, 0.0116804689, 0.202491164, -0.00103923923
0.110833086, 0.0133500323, 0.194846645, -0.000261587673
0.110833086, 0.0150195882, 0.185100064, 0.00129488064
0.110833086, 0.0166891515, 0.160842374, 0.000668197521
0.110833086, 0.0183587074, 0.106936574, -0.00252593751
0.110833086, 0.0200282708, 0.0569306016, 3.3205979e-05
0.110833086, 0.0216978341, 0.0216802191, -0.000561420398

0.110833086, 0.0016631111, 0.123836123, -0.00279596564
0.110833086, 0.0033326745, 0.167832851, -0.00130862801
0.110833086, 0.0050022304, 0.193444848, -0.00135826634
0.110833086, 0.0066717938, 0.195200056, -0.00556991436
0.110833086, 0.0083413497, 0.18917954, -0.0045893481
0.110833086, 0.010010913, 0.190677136, -0.000613237673
0.110833086, 0.0116804689, 0.193184867, -0.000477189751
0.110833086, 0.0133500323, 0.18832773, -0.00168918807
0.110833086, 0.0150195882, 0.179387674, -0.00443029031
0.110833086, 0.0166891515, 0.15012826, -0.00341643789
0.110833086, 0.0183587074, 0.0895914808, 0.000354327232
0.110833086, 0.0200282708, 0.0574887507, 0.00186217017
0.110833086, 0.0216978341, 0.0338468887, -0.000901957159

0.110833086, 0.0016631111, 0.12063878, 0.00270450511
0.110833086, 0.0033326745, 0.16157034, 0.00218997104
0.110833086, 0.0050022304, 0.181096524, -6.45891923e-05
0.110833086, 0.0066717938, 0.180638879, -0.000778076821
0.110833086, 0.0083413497, 0.182086632, -0.00152593758
0.110833086, 0.010010913, 0.182784319, -0.00264034187
0.110833086, 0.0116804689, 0.185300961, -0.00381667539
0.110833086, 0.0133500323, 0.181813449, -0.00357049657
0.110833086, 0.0150195882, 0.172232598, -1.36775216e-05
0.110833086, 0.0166891515, 0.141329497, -0.000427836872
0.110833086, 0.0183587074, 0.0771169737, -0.00346263452
0.110833086, 0.0200282708, 0.0509536341, 6.72596943e-05
0.110833086, 0.0216978341, 0.019480627, 0.00148394098

0.110833086, 0.0016631111, 0.117694348, 0.000460644602
0.110833086, 0.0033326745, 0.142727286, -0.00241200556
0.110833086, 0.0050022304, 0.164055139, -0.00116660574
0.110833086, 0.0066717938, 0.173273966, 0.00158138154
0.110833086, 0.0083413497, 0.174823612, -0.00232459512
0.110833086, 0.010010913, 0.174613595, -0.00252586766
0.110833086, 0.0116804689, 0.172634572, -0.000823832466
0.110833086, 0.0133500323, 0.171796978, 0.00188810239
0.110833086, 0.0150195882, 0.16187045, 0.00303626317
0.110833086, 0.0166891515, 0.130062252, -0.00181327655
0.110833086, 0.0183587074, 0.0835616067, -0.00353019824
0.110833086, 0.0200282708, 0.0429240391, -0.00284106401
0.110833086, 0.0216978341, 0.018271124, -0.00144363742

0.110833086, 0.0016631111, 0.100495696, -0.00134363538
0.110833086, 0.0033326745, 0.137511551, 0.0019932643
0.110833086, 0.0050022304, 0.151583046, 0.00223746896
0.110833086, 0.0066717938, 0.152017266, -0.000813977036
0.110833086, 0.0083413497, 0.154581502, -0.00195831526
0.110833086, 0.010010913, 0.160271704, -0.00279377098
0.110833086, 0.0116804689, 0.149673566, -0.00271778321
0.110833086, 0.0133500323, 0.144589245, -0.00370915653
0.110833086, 0.0150195882, 0.142447814, -0.002743616
0.110833086, 0.0166891515, 0.127612755, -0.000823611394
0.110833086, 0.0183587074, 0.0861893743, -0.0024226224
0.110833086, 0.0200282708, 0.0488059111, 6.3788706e-05
0.110833086, 0.0216978341, 0.0213153362, -0.000966931111

0.110833086, 0.0016631111, 0.0989040732, -0.00239076116
0.110833086, 0.0033326745, 0.124329738, -0.000628110487
0.110833086, 0.0050022304, 0.134785056, 0.000556291488
0.110833086, 0.0066717938, 0.148052871, -0.0020550848
0.110833086, 0.0083413497, 0.150106445, -0.00308602001
0.110833086, 0.010010913, 0.135556281, -0.00144325802
0.110833086, 0.0116804689, 0.137458086, 0.000767005142
0.110833086, 0.0133500323, 0.140928239, 0.000376595912
0.110833086, 0.0150195882, 0.13650918, -0.00100578461
0.110833086, 0.0166891515, 0.118503921, -0.00245344453
0.110833086, 0.0183587074, 0.0830566809, -0.00160915684
0.110833086, 0.0200282708, 0.0540153012, -0.000402987149
0.110833086, 0.0216978341, 0.0333969854, -0.000541786256

0.110833086, 0.0016631111, 0.0994523168, -0.00127488829
0.110833086, 0.0033326745, 0.118303113, -0.00258743414
0.110833086, 0.0050022304, 0.125810489, -0.00233504432
0.110833086, 0.0066717938, 0.133761004, 0.000324456516
0.110833086, 0.0083413497, 0.133617222, 0.00318558398
0.110833086, 0.010010913, 0.132092759, 0.00209169928
0.110833086, 0.0116804689, 0.133799255, -0.00175189529
0.110833086, 0.0133500323, 0.130130053, -0.00241971645
0.110833086, 0.0150195882, 0.125579297, -0.00119383156
0.110833086, 0.0166891515, 0.106905542, -0.00153728644
0.110833086, 0.0183587074, 0.0662741512, -0.00277164695
0.110833086, 0.0200282708, 0.0502298027, -0.00192916137
0.110833086, 0.0216978341, 0.0340216532, 0.000301027932

0.109170303, 0, 0.0795456171, 0.00139745034
0.109170303, 0.0016696677, 0.100587502, 0.000194710112
0.109170303, 0.0033393279, 0.120338522, -0.00117575692
0.109170303, 0.0050089955, 0.124899521, -0.000666509208
0.109170303, 0.0066786557, 0.125913352, -0.000412660127
0.109170303, 0.0083483234, 0.126087457, -0.000431622146
0.109170303, 0.0100179836, 0.126352966, -0.000553112943
0.109170303, 0.0116876438, 0.126892388, -0.000719589356
0.109170303, 0.0133573115, 0.127999395, -0.000951310503
0.109170303, 0.0150269717, 0.124899536, -0.00127043494
0.109170303, 0.0166966394, 0.109511159, -0.000693774782
0.109170303, 0.0183662996, 0.0705482364, -0.000170071668
0.109170303, 0.0200359672, 0.0301848799, -0.000208829923
0.109170303, 0.0217056274, 0.0110697513, -7.78743779e-05

0.109170303, 0, 0.0582729653, 0.00167599111
0.109170303, 0.0016696677, 0.0768839866, 0.00148299267
0.109170303, 0.0033393279, 0.116199918, 0.000297119987
0.109170303, 0.0050089955, 0.127825633, 0.000364078529
0.109170303, 0.0066786557, 0.126493961, 0.000536351115
0.109170303, 0.0083483234, 0.125032946, -0.000518439687
0.109170303, 0.0100179836, 0.123812318, -0.000254563725
0.109170303, 0.0116876438, 0.124057539, -0.000283846515
0.109170303, 0.0133573115, 0.124938853, -0.00106375432
0.109170303, 0.0150269717, 0.119438633, -0.000447772327
0.109170303, 0.0166966394, 0.103372671, -0.000128830201
0.109170303, 0.0183662996, 0.0693979487, -0.00119580154
0.109170303, 0.0200359672, 0.0350543484, -0.0017554959
0.109170303, 0.0217056274, 0.00860181451, -0.000616545382

0.109170303, 0, 0.0570662357, 0.00222596363
0.109170303, 0.0016696677, 0.0800899863, 0.00296767242
0.109170303, 0.0033393279, 0.106593095, 0.000157639064
0.109170303, 0.0050089955, 0.119174734, -0.000677290023
0.109170303, 0.0066786557, 0.120269403, -0.000436771166
0.109170303, 0.0083483234, 0.121123359, -0.000273535552
0.109170303, 0.0100179836, 0.121957481, -0.000470948027
0.109170303, 0.0116876438, 0.122051008, -0.000608434901
0.109170303, 0.0133573115, 0.120652921, 0.000168648796
0.109170303, 0.0150269717, 0.114825882, -0.00061758206
0.109170303, 0.0166966394, 0.0974110514, -0.00072481524
0.109170303, 0.0183662996, 0.0676802993, -0.00133375614
0.109170303, 0.0200359672, 0.0387008824, -0.000629601243
0.109170303, 0.0217056274, 0.00419236021, -0.0012431147

0.109170303, 0, 0.0635163113, 0.00103227631
0.109170303, 0.0016696677, 0.0836160407, 0.00157182664
0.109170303, 0.0033393279, 0.0995226875, 0.000688669737
0.109170303, 0.0050089955, 0.10756103, -0.000582573062
0.109170303, 0.0066786557, 0.113400489, -0.000679484568
0.109170303, 0.0083483234, 0.115247153, -0.00256314874
0.109170303, 0.0100179836, 0.113849752, -0.00326391961
0.109170303, 0.0116876438, 0.11500594, -0.00246334239
0.109170303, 0.0133573115, 0.116177991, -0.00181947474
0.109170303, 0.0150269717, 0.110580236, -0.000791938917
0.109170303, 0.0166966394, 0.0918197706, -0.000350294402
0.109170303, 0.0183662996, 0.0545301214, -0.000660026679
0.109170303, 0.0200359672, 0.0337421745, -0.00124505407
0.109170303, 0.0217056274, 0.00411829213, -0.00176660542

0.109170303, 0, 0.0582233146, 0.000574845821
0.109170303, 0.0016696677, 0.0717806742, 0.00230050809
0.109170303, 0.0033393279, 0.0962599069, 0.0024737739
0.109170303, 0.0050089955, 0.10254249, 0.00174958259
0.109170303, 0.0066786557, 0.103392564, 0.000696552161
0.109170303, 0.0083483234, 0.107383862, -0.00257585919
0.109170303, 0.0100179836, 0.108787045, -0.00392240519
0.109170303, 0.0116876438, 0.108058944, -0.00214725686
0.109170303, 0.0133573115, 0.104328342, -0.000417086208
0.109170303, 0.0150269717, 0.100092463, 0.000960508769
0.109170303, 0.0166966394, 0.0891221017, -9.79502802e-05
0.109170303, 0.0183662996, 0.057347469, -0.000975244446
0.109170303, 0.0200359672, 0.0369552113, 0.000730792061
0.109170303, 0.0217056274, 0.00954621471, 0.000889055547

0.109170303, 0, 0.0649531782, 0.00146426668
0.109170303, 0.0016696677, 0.0780276954, 0.00109743269
0.109170303, 0.0033393279, 0.0896237865, -0.0014898798
0.109170303, 0.0050089955, 0.0958695337, -0.00179544871
0.109170303, 0.0066786557, 0.097623907, -0.00176063541
0.109170303, 0.0083483234, 0.100082591, -0.00122323516
0.109170303, 0.0100179836, 0.101522416, 0.000433554174
0.109170303, 0.0116876438, 0.101279162, 5.92854558e-05
0.109170303, 0.0133573115, 0.0982100218, -3.33797675e-06
0.109170303, 0.0150269717, 0.0983605757, 0.00137431163
0.109170303, 0.0166966394, 0.0852733031, -0.000331358053
0.109170303, 0.0183662996, 0.0551241748, -0.0036962505
0.109170303, 0.0200359672, 0.0346335098, -0.00126322929
0.109170303, 0.0217056274, 0.014370664, -0.0009151884

0.109170303, 0, 0.0498280637, 0.00143812131
0.109170303, 0.0016696677, 0.0671615303, 0.00248362473
0.109170303, 0.0033393279, 0.0907645449, 0.000875584316
0.109170303, 0.0050089955, 0.0958547592, -0.000917210418
0.109170303, 0.0066786557, 0.095852688, 0.000396446907
0.109170303, 0.0083483234, 0.0973715484, -6.15065728e-05
0.109170303, 0.0100179836, 0.0964647531, -0.00163930678
0.109170303, 0.0116876438, 0.0946817249, -0.00037310287
0.109170303, 0.0133573115, 0.0959965512, -0.00192101661
0.109170303, 0.0150269717, 0.0953561217, -0.00186515052
0.109170303, 0.0166966394, 0.0799003914, -0.00143320684
0.109170303, 0.0183662996, 0.0482697152, -0.0017021884
0.109170303, 0.0200359672, 0.0321616381, -0.000516390777
0.109170303, 0.0217056274, 0.0217331164, -0.000752020686

0.109170303, 0, 0.0591203235, 0.000732136134
0.109170303, 0.0016696677, 0.0654683188, -0.000278094551
0.109170303, 0.0033393279, 0.0863372982, -0.00102609489
0.109170303, 0.0050089955, 0.0934597626, 0.000268406002
0.109170303, 0.0066786557, 0.0934433639, -0.000336570811
0.109170303, 0.0083483234, 0.0944382399, -0.000298527797
0.109170303, 0.0100179836, 0.0940863341, -0.000145683211
0.109170303, 0.0116876438, 0.0948192328, -1.32951236e-05
0.109170303, 0.0133573115, 0.0929831937, -0.00011651573
0.109170303, 0.0150269717, 0.0914782584, -8.72962701e-05
0.109170303, 0.0166966394, 0.0776785314, -0.00232281908
0.109170303, 0.0183662996, 0.039398659, -0.00213361997
0.109170303, 0.0200359672, 0.0234460365, -0.00029953997
0.109170303, 0.0217056274, 0.0129961874, 0.000499019108

0.109170303, 0, 0.0523963347, 0.00117895973
0.109170303, 0.0016696677, 0.0650650635, 0.000909276831
0.109170303, 0.0033393279, 0.0806549117, 0.0010119169
0.109170303, 0.0050089955, 0.088054508, -0.000670676236
0.109170303, 0.0066786557, 0.0874741599, -0.00118080864
0.109170303, 0.0083483234, 0.0904033333, -0.00116637023
0.109170303, 0.0100179836, 0.0914929807, -0.00111898861
0.109170303, 0.0116876438, 0.0901679844, -0.00125285157
0.109170303, 0.0133573115, 0.0896743238, -0.00180366903
0.109170303, 0.0150269717, 0.0836405158, -0.000697513518
0.109170303, 0.0166966394, 0.0717643872, 0.000136698727
0.109170303, 0.0183662996, 0.0488738865, -0.00128926535
0.109170303, 0.0200359672, 0.0253666546, -0.00168452121
0.109170303, 0.0217056274, 0.00949907862, -0.00126349786

0.109170303, 0, 0.0453388058, 0.000874504796
0.109170303, 0.0016696677, 0.0642085895, 0.00044271347
0.109170303, 0.0033393279, 0.0786551312, 0.000239028217
0.109170303, 0.0050089955, 0.0851188302, -0.000941020728
0.109170303, 0.0066786557, 0.0880521908, -0.00161277072
0.109170303, 0.0083483234, 0.0870326832, -0.000788729754
0.109170303, 0.0100179836, 0.0865874887, -0.00131923938
0.109170303, 0.0116876438, 0.0882069096, -0.00343213114
0.109170303, 0.0133573115, 0.0874546692, -0.00202169339
0.109170303, 0.0150269717, 0.0857127607, -0.000588483992
0.109170303, 0.0166966394, 0.0762373805, -0.00018240021
0.109170303, 0.0183662996, 0.0441634692, 0.000244355062
0.109170303, 0.0200359672, 0.0243424401, 0.0010285069
0.109170303, 0.0217056274, 0.0218629502, -0.000554235361

0.109170303, 0, 0.0516975932, 0.00108486926
0.109170303, 0.0016696677, 0.0604870021, 0.000846729032
0.109170303, 0.0033393279, 0.0765582472, 0.000866573537
0.109170303, 0.0050089955, 0.0852888674, 0.00027469045
0.109170303, 0.0066786557, 0.0849775746, -4.944024e-07
0.109170303, 0.0083483234, 0.0864473581, -0.00096797134
0.109170303, 0.0100179836, 0.0853951126, -0.00148572377
0.109170303, 0.0116876438, 0.0841958225, -5.78155668e-05
0.109170303, 0.0133573115, 0.0869021043, -0.00125193095
0.109170303, 0.0150269717, 0.0793905631, -0.00131695508
0.109170303, 0.0166966394, 0.0666555464, -5.32318227e-05
0.109170303, 0.0183662996, 0.0466378965, -0.000684420986
0.109170303, 0.0200359672, 0.0153225549, -6.69353976e-05
0.109170303, 0.0217056274, 0.00685298583, -2.12006307e-05

0.109170303, 0, 0.0526659191, 0.00125083013
0.109170303, 0.0016696677, 0.0583364889, 0.000423127844
0.109170303, 0.0033393279, 0.0706937239, 0.00229985407
0.109170303, 0.0050089955, 0.0796836913, 0.000523907714
0.109170303, 0.0066786557, 0.0807478279, -0.00174813229
0.109170303, 0.0083483234, 0.0810834318, -0.00132772932
0.109170303, 0.0100179836, 0.0835893378, -0.00184225792
0.109170303, 0.0116876438, 0.0833421722, -0.00278353831
0.109170303, 0.0133573115, 0.0809459984, -0.0028333161
0.109170303, 0.0150269717, 0.0732686743, -0.000809233752
0.109170303, 0.0166966394, 0.0622047894, -0.000969167508
0.109170303, 0.0183662996, 0.0428218432, -0.0039427164
0.109170303, 0.0200359672, 0.0143292509, -0.000993358903
0.109170303, 0.0217056274, 0.00258653425, -0.000285761023

0.109170303, 0, 0.0479541123, 0.000622746651
0.109170303, 0.0016696677, 0.0573988259, 0.000111214584
0.109170303, 0.0033393279, 0.064676322, -3.87825676e-05
0.109170303, 0.0050089955, 0.06865751, -0.000219703448
0.109170303, 0.0066786557, 0.0726655647, -0.000787835685
0.109170303, 0.0083483234, 0.0741659626, -0.000141118551
0.109170303, 0.0100179836, 0.0719722733, -0.000215879103
0.109170303, 0.0116876438, 0.0740428418, -0.000704472011
0.109170303, 0.0133573115, 0.0769199133, 4.31723347e-05
0.109170303, 0.0150269717, 0.0688812062, 9.27850779e-05
0.109170303, 0.0166966394, 0.0605462715, 0.00057613448
0.109170303, 0.0183662996, 0.0428312086, 0.0013227415
0.109170303, 0.0200359672, 0.0212410558, 0.000119190292
0.109170303, 0.0217056274, 0.00822889991, -0.000725619844

0.109170303, 0, 0.0343940966, 0.00139991206
0.109170303, 0.0016696677, 0.0513470024, 0.00101571623
0.109170303, 0.0033393279, 0.0642742366, -7.83352007e-05
0.109170303, 0.0050089955, 0.0713357478, -0.000472628191
0.109170303, 0.0066786557, 0.072352305, 0.00039076386
0.109170303, 0.0083483234, 0.0707617179, 0.00101807027
0.109170303, 0.0100179836, 0.070965223, -0.000252716272
0.109170303, 0.0116876438, 0.0737896115, -0.00121917762
0.109170303, 0.0133573115, 0.0719524473, -0.000715042406
0.109170303, 0.0150269717, 0.0661250874, -0.000273946003
0.109170303, 0.0166966394, 0.0597936436, -0.000347093446
0.109170303, 0.0183662996, 0.0445254073, -0.00110382808
0.109170303, 0.0200359672, 0.0162299685, -0.000418378884
0.109170303, 0.0217056274, 0.0118845617, 0.000340893981

0.109170303, 0, 0.0437660739, 9.33869305e-05
0.109170303, 0.0016696677, 0.0521849096, 0.000487892539
0.109170303, 0.0033393279, 0.0605803654, 4.67092686e-05
0.109170303, 0.0050089955, 0.0659669489, -0.000982588273
0.109170303, 0.0066786557, 0.0675062984, -0.00128769525
0.109170303, 0.0083483234, 0.0671100467, -0.00138606131
0.109170303, 0.0100179836, 0.0666677803, -0.00084535667
0.109170303, 0.0116876438, 0.0666517839, -0.00112926052
0.109170303, 0.0133573115, 0.0664175972, -0.0017687463
0.109170303, 0.0150269717, 0.0646517128, -0.00198339555
0.109170303, 0.0166966394, 0.0607726164, -0.00172612362
0.109170303, 0.0183662996, 0.0424495712, -0.00194596685
0.109170303, 0.0200359672, 0.0130534517, -0.0011261215
0.109170303, 0.0217056274, 0.0124303931, 0.000980440061

0.109170303, 0, 0.0286738612, 0.00109944574
0.109170303, 0.0016696677, 0.0502022617, 0.00244062836
0.109170303, 0.0033393279, 0.0614152178, 0.000853495265
0.109170303, 0.0050089955, 0.0633043796, -0.000462559576
0.109170303, 0.0066786557, 0.0630261153, -0.000480893213
0.109170303, 0.0083483234, 0.0634930655, -0.000650310365
0.109170303, 0.0100179836, 0.0638897046, -0.000675343268
0.109170303, 0.0116876438, 0.0658604056, -5.15330212e-05
0.109170303, 0.0133573115, 0.0661663786, -0.000124348458
0.109170303, 0.0150269717, 0.0637969151, -0.000112903093
0.109170303, 0.0166966394, 0.058433041, -0.000789770274
0.109170303, 0.0183662996, 0.0408795886, -0.00148192549
0.109170303, 0.0200359672, 0.0119602112, -0.00151738897
0.109170303, 0.0217056274, 0.00356109859, -0.000386781467

0.109170303, 0, 0.029800443, 0.0014772726
0.109170303, 0.0016696677, 0.0458431169, 0.0021092575
0.109170303, 0.0033393279, 0.0588221252, 0.000612172938
0.109170303, 0.0050089955, 0.0630131066, 0.000218484493
0.109170303, 0.0066786557, 0.0632648095, -8.60648725e-05
0.109170303, 0.0083483234, 0.063405253, -0.00129751093
0.109170303, 0.0100179836, 0.0632102415, 6.91623645e-05
0.109170303, 0.0116876438, 0.0629970655, 0.000659948215
0.109170303, 0.0133573115, 0.0623038635, -0.000312606484
0.109170303, 0.0150269717, 0.0624312833, 5.07301847e-05
0.109170303, 0.0166966394, 0.0585872568, 0.000421357923
0.109170303, 0.0183662996, 0.0364414677, 0.000781636685
0.109170303, 0.0200359672, 0.0141946795, 0.00163029169
0.109170303, 0.0217056274, 0.00982603989, 0.00137506286

0.109170303, 0, 0.0317378119, -0.00024957853
0.109170303, 0.0016696677, 0.049881272, -0.000550932949
0.109170303, 0.0033393279, 0.0606082156, 0.00107782346
0.109170303, 0.0050089955, 0.0606503449, 0.001746836
0.109170303, 0.0066786557, 0.0605574101, 0.0013445993
0.109170303, 0.0083483234, 0.0620640255, 0.000169339793
0.109170303, 0.0100179836, 0.0620029382, -0.000351152354
0.109170303, 0.0116876438, 0.060903497, -0.000289813819
0.109170303, 0.0133573115, 0.060148567, -0.000373804709
0.109170303, 0.0150269717, 0.0598743185, -6.17612568e-06
0.109170303, 0.0166966394, 0.054193709, 0.000565547612
0.109170303, 0.0183662996, 0.0352025591, 0.00134514342
0.109170303, 0.0200359672, 0.0160924438, 0.00046845348
0.109170303, 0.0217056274, 0.0106334789, 0.000482757547

0.109170303, 0, 0.029199481, 0.000576791819
0.109170303, 0.0016696677, 0.0391088538, 0.002026211
0.109170303, 0.0033393279, 0.0555409379, 0.00158830569
0.109170303, 0.0050089955, 0.060559459, -0.00036689837
0.109170303, 0.0066786557, 0.0598954447, -0.000300753338
0.109170303, 0.0083483234, 0.0592004322, -0.000672528462
0.109170303, 0.0100179836, 0.0606238767, -0.00069810549
0.109170303, 0.0116876438, 0.061592333, 0.000124164304
0.109170303, 0.0133573115, 0.0606297664, -0.000180820192
0.109170303, 0.0150269717, 0.0608422942, -0.00162626337
0.109170303, 0.0166966394, 0.0536259636, -0.00365276635
0.109170303, 0.0183662996, 0.0332439654, -0.00113450189
0.109170303, 0.0200359672, 0.0227433164, 0.00147133216
0.109170303, 0.0217056274, 0.00926711783, 0.000135903989

0.109170303, 0, 0.0240263026, 0.00125449256
0.109170303, 0.0016696677, 0.0362734795, 0.00196191785
0.109170303, 0.0033393279, 0.0544899367, 0.00218720757
0.109170303, 0.0050089955, 0.0585954189, -0.000142507022
0.109170303, 0.0066786557, 0.0582357459, -0.00163331232
0.109170303, 0.0083483234, 0.0587097257, -0.00101054541
0.109170303, 0.0100179836, 0.0594298914, -0.000677775475
0.109170303, 0.0116876438, 0.0586297177, -4.72783831e-05
0.109170303, 0.0133573115, 0.0588228814, -0.000287256495
0.109170303, 0.0150269717, 0.0601654053, 7.84673321e-05
0.109170303, 0.0166966394, 0.0497422591, -0.00051327754
0.109170303, 0.0183662996, 0.0317809582, 0.0001461746
0.109170303, 0.0200359672, 0.0283513274, 0.000314523932
0.109170303, 0.0217056274, 0.0171657931, 0.00013662767

0.109170303, 0, 0.0284614284, 0.00158670219
0.109170303, 0.0016696677, 0.0384970307, 0.00210722466
0.109170303, 0.0033393279, 0.0556793213, -2.18252444e-06
0.109170303, 0.0050089955, 0.0583515279, 0.000254531769
0.109170303, 0.0066786557, 0.055959139, 0.000472993066
0.109170303, 0.0083483234, 0.0579595789, 0.000271532888
0.109170303, 0.0100179836, 0.0588134825, 0.000357742712
0.109170303, 0.0116876438, 0.0584784672, -0.00170844479
0.109170303, 0.0133573115, 0.0593172163, -0.00272227428
0.109170303, 0.0150269717, 0.0589166433, -0.00203945581
0.109170303, 0.0166966394, 0.0486920588, 0.00109455595
0.109170303, 0.0183662996, 0.0325899385, 0.00187544175
0.109170303, 0.0200359672, 0.0224307217, -0.000709677755
0.109170303, 0.0217056274, 0.0083921235, -0.0014238155

0.109170303, 0, 0.0340625904, -0.000141628858
0.109170303, 0.0016696677, 0.0410232954, 1.36413946e-05
0.109170303, 0.0033393279, 0.0525685884, 0.000608019764
0.109170303, 0.0050089955, 0.0513098389, 0.000344155153
0.109170303, 0.0066786557, 0.0535175651, -1.92152347e-05
0.109170303, 0.0083483234, 0.0570492037, -0.00148992788
0.109170303, 0.0100179836, 0.0567960516, -0.00054877589
0.109170303, 0.0116876438, 0.0585922189, 5.189273e-05
0.109170303, 0.0133573115, 0.0592609532, -0.000775024411
0.109170303, 0.0150269717, 0.0549256653, -0.000848672702
0.109170303, 0.0166966394, 0.0431143232, 0.000665128231
0.109170303, 0.0183662996, 0.0310503673, 0.000650674978
0.109170303, 0.0200359672, 0.0249980129, 0.000146766251
0.109170303, 0.0217056274, 0.00918893702, 0.000276209146

0.109170303, 0, 0.0288764164, 0.00108948653
0.109170303, 0.0016696677, 0.0369802378, 0.00190906366
0.109170303, 0.0033393279, 0.0502984338, 0.000476469431
0.109170303, 0.0050089955, 0.0442684516, -5.53242935e-05
0.109170303, 0.0066786557, 0.0483007804, -0.00133952685
0.109170303, 0.0083483234, 0.0536048897, -0.00166762422
0.109170303, 0.0100179836, 0.0514862724, -0.00138101517
0.109170303, 0.0116876438, 0.0521735624, -0.00274874782
0.109170303, 0.0133573115, 0.0543855019, -0.00247808825
0.109170303, 0.0150269717, 0.0538197085, -0.000738360162
0.109170303, 0.0166966394, 0.0460174531, 0.000579453248
0.109170303, 0.0183662996, 0.0315769948, -4.79046976e-05
0.109170303, 0.0200359672, 0.0141596878, -0.000834016944
0.109170303, 0.0217056274, 0.0066630831, -0.00048622748

0.109170303, 0, 0.0311837215, -0.000223779382
0.109170303, 0.0016696677, 0.0352616832, -0.000759690069
0.109170303, 0.0033393279, 0.0444958284, -0.00138922222
0.109170303, 0.0050089955, 0.0409546159, 0.00454524672
0.109170303, 0.0066786557, 0.0441184491, 0.00291154371
0.109170303, 0.0083483234, 0.0553142838, -0.000964949897
0.109170303, 0.0100179836, 0.0567344762, 0.000109731496
0.109170303, 0.0116876438, 0.0555862151, -0.00183771318
0.109170303, 0.0133573115, 0.0544643626, -0.00353595614
0.109170303, 0.0150269717, 0.0491362773, 0.000226475808
0.109170303, 0.0166966394, 0.0380538926, 0.00128333573
0.109170303, 0.0183662996, 0.0284704957, -0.000102126389
0.109170303, 0.0200359672, 0.022331778, 0.000438074843
0.109170303, 0.0217056274, 0.0165199786, -0.00091335614

0.109170303, 0, 0.0297514964, 0.00012923358
0.109170303, 0.0016696677, 0.03699103, 1.59325209e-05
0.109170303, 0.0033393279, 0.0456899963, -0.00219475548
0.109170303, 0.0050089955, 0.0404681638, -0.00065990584
0.109170303, 0.0066786557, 0.0411189683, 0.00222541834
0.109170303, 0.0083483234, 0.05249561, 0.00172995427
0.109170303, 0.0100179836, 0.0576970168, 0.00113799237
0.109170303, 0.0116876438, 0.0563449264, -0.000325198984
0.109170303, 0.0133573115, 0.0546369553, -0.000126963234
0.109170303, 0.0150269717, 0.0480432399, 0.00140268344
0.109170303, 0.0166966394, 0.0368610173, 9.42099214e-05
0.109170303, 0.0183662996, 0.0295913965, -0.00045307359
0.109170303, 0.0200359672, 0.0272152834, -0.000548061274
0.109170303, 0.0217056274, 0.0182088651, -0.000559995824

0.109170303, 0, 0.028451452, 0.000146678955
0.109170303, 0.0016696677, 0.0333835855, -0.000710227177
0.109170303, 0.0033393279, 0.0433528684, -0.000919293554
0.109170303, 0.0050089955, 0.0495335199, 3.51770941e-05
0.109170303, 0.0066786557, 0.052069936, -0.000578186009
0.109170303, 0.0083483234, 0.0510512628, -0.00278844312
0.109170303, 0.0100179836, 0.0530208796, -0.00166349194
0.109170303, 0.0116876438, 0.0553689934, 0.000261671026
0.109170303, 0.0133573115, 0.054746516, 0.00358881662
0.109170303, 0.0150269717, 0.0439180881, 0.00397583935
0.109170303, 0.0166966394, 0.0351946391, 0.000177825874
0.109170303, 0.0183662996, 0.0291570909, -0.000384546642
0.109170303, 0.0200359672, 0.0243192147, 2.1532398e-05
0.109170303, 0.0217056274, 0.0132454662, -0.000103884115

0.109170303, 0, 0.0299490243, 0.000428815838
0.109170303, 0.0016696677, 0.0324522853, 0.00141011656
0.109170303, 0.0033393279, 0.0428190939, 0.000699449098
0.109170303, 0.0050089955, 0.0509315692, 0.00113867596
0.109170303, 0.0066786557, 0.0530527569, -0.00109034043
0.109170303, 0.0083483234, 0.0475767367, -0.002665248
0.109170303, 0.0100179836, 0.0409067422, -0.00213719439
0.109170303, 0.0116876438, 0.0447719768, 4.06313229e-05
0.109170303, 0.0133573115, 0.0437882096, 0.00177168706
0.109170303, 0.0150269717, 0.0413873456, -0.00157896418
0.109170303, 0.0166966394, 0.0365291387, -0.00146891398
0.109170303, 0.0183662996, 0.026007073, -0.000341753039
0.109170303, 0.0200359672, 0.0154869352, 6.96558491e-05
0.109170303, 0.0217056274, 0.00597650278, 7.19718737e-05

0.109170303, 0, 0.0270206276, 0.000696428702
0.109170303, 0.0016696677, 0.0297581703, 0.000948958914
0.109170303, 0.0033393279, 0.0393427536, 0.00149760209
0.109170303, 0.0050089955, 0.0481250025, -0.000837961561
0.109170303, 0.0066786557, 0.0509093329, 0.000876547478
0.109170303, 0.0083483234, 0.0505856723, 0.00140586297
0.109170303, 0.0100179836, 0.0464356169, -0.00389099028
0.109170303, 0.0116876438, 0.0437894016, -0.00306941406
0.109170303, 0.0133573115, 0.0415745936, -0.000197531583
0.109170303, 0.0150269717, 0.0389585011, 0.00130060688
0.109170303, 0.0166966394, 0.0344522223, 0.000353941403
0.109170303, 0.0183662996, 0.0259585977, -0.000314611563
0.109170303, 0.0200359672, 0.0187664274, -0.000256309198
0.109170303, 0.0217056274, 0.0154634798, 0.000397098425

0.109170303, 0, 0.0264211875, 0.00155990722
0.109170303, 0.0016696677, 0.0307445303, 0.00175523327
0.109170303, 0.0033393279, 0.0350298733, 0.00103641069
0.109170303, 0.0050089955, 0.0367048532, -0.000338422338
0.109170303, 0.0066786557, 0.0399418622, -0.000710871827
0.109170303, 0.0083483234, 0.0399806872, 5.87083159e-05
0.109170303, 0.0100179836, 0.0396789908, -0.00163297425
0.109170303, 0.0116876438, 0.0420186371, -0.00631439267
0.109170303, 0.0133573115, 0.038516853, -0.00363921723
0.109170303, 0.0150269717, 0.0362483039, -0.00133267092
0.109170303, 0.0166966394, 0.033733286, -0.00052685343
0.109170303, 0.0183662996, 0.0253983606, -0.000949159206
0.109170303, 0.0200359672, 0.0199087765, 0.000364751613
0.109170303, 0.0217056274, 0.0162446015, 0.000630768947

0.109170303, 0, 0.0268829893, 0.00024511313
0.109170303, 0.0016696677, 0.0306979753, 0.000622678956
0.109170303, 0.0033393279, 0.0356978215, 0.00231076986
0.109170303, 0.0050089955, 0.040766824, -0.00112926227
0.109170303, 0.0066786557, 0.0441167764, -0.0043456289
0.109170303, 0.0083483234, 0.040553011, -0.00183288404
0.109170303, 0.0100179836, 0.0376136787, 0.00112071272
0.109170303, 0.0116876438, 0.0373214893, 0.000377802528
0.109170303, 0.0133573115, 0.0340033397, -2.45789924e-05
0.109170303, 0.0150269717, 0.033252161, 0.000601212843
0.109170303, 0.0166966394, 0.0320017934, 0.000257373031
0.109170303, 0.0183662996, 0.0267530475, -0.00082472933
0.109170303, 0.0200359672, 0.0231509861, -0.000229077559
0.109170303, 0.0217056274, 0.0144661618, 0.000410860317

0.109170303, 0, 0.0253178328, -7.23447738e-05
0.109170303, 0.0016696677, 0.0287245512, -0.000768783619
0.109170303, 0.0033393279, 0.0332665332, -0.0011434555
0.109170303, 0.0050089955, 0.0366196074, -0.000861188397
0.109170303, 0.0066786557, 0.0374521464, -0.000439092371
0.109170303, 0.0083483234, 0.0391968451, -0.000461968884
0.109170303, 0.0100179836, 0.039423164, -0.000243193921
0.109170303, 0.0116876438, 0.0357690267, 0.00119297358
0.109170303, 0.0133573115, 0.0365834236, -0.000161333301
0.109170303, 0.0150269717, 0.0346036516, -0.000289576419
0.109170303, 0.0166966394, 0.0316279456, 0.000738711795
0.109170303, 0.0183662996, 0.0282006282, 0.000223075316
0.109170303, 0.0200359672, 0.0224456508, 0.000199587579
0.109170303, 0.0217056274, 0.00514625944, -0.000412153459

0.109170303, 0, 0.0262333863, 0.000405831175
0.109170303, 0.0016696677, 0.0300628394, 0.000648474612
0.109170303, 0.0033393279, 0.0363244303, -0.000738204806
0.109170303, 0.0050089955, 0.0381771885, -0.00111081416
0.109170303, 0.0066786557, 0.0379209034, -0.000738315633
0.109170303, 0.0083483234, 0.0373799875, -0.00153370085
0.109170303, 0.0100179836, 0.0341400541, 2.40349982e-05
0.109170303, 0.0116876438, 0.0309761185, 0.00024458798
0.109170303, 0.0133573115, 0.0331194587, -0.00030779955
0.109170303, 0.0150269717, 0.0342475362, 0.000265714334
0.109170303, 0.0166966394, 0.0318215676, 0.000339647056
0.109170303, 0.0183662996, 0.0277539454, -0.000187434489
0.109170303, 0.0200359672, 0.0209555011, 3.95085481e-05
0.109170303, 0.0217056274, 0.00821271166, -0.000241648275

0.109170303, 0, 0.024742635, 0.000546204392
0.109170303, 0.0016696677, 0.0274915881, 0.000624885433
0.109170303, 0.0033393279, 0.0320276693, 0.00158752664
0.109170303, 0.0050089955, 0.0347930491, 0.00138084707
0.109170303, 0.0066786557, 0.036064513, 0.000340290717
0.109170303, 0.0083483234, 0.0370721742, -0.00141664024
0.109170303, 0.0100179836, 0.0356277563, -0.00321995071
0.109170303, 0.0116876438, 0.0342664383, -0.00297190691
0.109170303, 0.0133573115, 0.035141021, -0.000365373824
0.109170303, 0.0150269717, 0.0344663709, 0.00105488836
0.109170303, 0.0166966394, 0.0317617133, 4.09484273e-05
0.109170303, 0.0183662996, 0.0253323074, -0.00176378677
0.109170303, 0.0200359672, 0.015372837, -0.00172515726
0.109170303, 0.0217056274, 0.00375538878, 8.99260558e-05

0.109170303, 0, 0.0187438577, 0.00114375737
0.109170303, 0.0016696677, 0.0283133071, 0.000462523138
0.109170303, 0.0033393279, 0.032812275, -0.00144615525
0.109170303, 0.0050089955, 0.0336180776, -0.00158905296
0.109170303, 0.0066786557, 0.0340439491, -0.000739996962
0.109170303, 0.0083483234, 0.0352466442, -0.000705595477
0.109170303, 0.0100179836, 0.0353350528, -9.33458796e-05
0.109170303, 0.0116876438, 0.0341109559, 0.000754402543
0.109170303, 0.0133573115, 0.0344826505, -0.000924563326
0.109170303, 0.0150269717, 0.033731468, -0.00102912565
0.109170303, 0.0166966394, 0.0303398166, -0.000290356431
0.109170303, 0.0183662996, 0.0232324507, -0.000788766658
0.109170303, 0.0200359672, 0.0129531249, 0.000300334039
0.109170303, 0.0217056274, 0.00678521208, 0.000622691179

0.109170303, 0, 0.0205294099, 0.000684884842
0.109170303, 0.0016696677, 0.0275269151, -0.000797973771
0.109170303, 0.0033393279, 0.0317457095, -0.00103563594
0.109170303, 0.0050089955, 0.0337476432, -0.00035276261
0.109170303, 0.0066786557, 0.0349070057, -0.000966452353
0.109170303, 0.0083483234, 0.0351783372, -0.000294612575
0.109170303, 0.0100179836, 0.0343072452, -0.000195994289
0.109170303, 0.0116876438, 0.033333458, -0.00119431352
0.109170303, 0.0133573115, 0.0333170332, -4.41201155e-05
0.109170303, 0.0150269717, 0.0328715257, 0.00056699384
0.109170303, 0.0166966394, 0.0295503121, -0.000687168329
0.109170303, 0.0183662996, 0.0216391291, -0.000944341882
0.109170303, 0.0200359672, 0.0134391431, -0.000166581012
0.109170303, 0.0217056274, 0.00493748486, 0.00016142799

0.109170303, 0, 0.022843983, 0.000573023455
0.109170303, 0.0016696677, 0.0274425261, 0.000750202336
0.109170303, 0.0033393279, 0.0312018395, -0.00126378832
0.109170303, 0.0050089955, 0.0336765386, -0.00178214267
0.109170303, 0.0066786557, 0.0344930254, -0.000913491182
0.109170303, 0.0083483234, 0.0337292589, 0.000493549393
0.109170303, 0.0100179836, 0.0328223593, -0.000399823737
0.109170303, 0.0116876438, 0.0323683433, -0.00113353634
0.109170303, 0.0133573115, 0.0329155885, -0.000504128926
0.109170303, 0.0150269717, 0.0327605605, 1.67062772e-05
0.109170303, 0.0166966394, 0.0311014466, -0.000548535609
0.109170303, 0.0183662996, 0.0222542323, -0.00101989997
0.109170303, 0.0200359672, 0.0141969705, 0.000181796087
0.109170303, 0.0217056274, 0.00329786166, 0.000212474639

0.109170303, 0, 0.0226424281, -0.000171321823
0.109170303, 0.0016696677, 0.0279919505, 0.00122164597
0.109170303, 0.0033393279, 0.0305300429, 0.00150871742
0.109170303, 0.0050089955, 0.0317341611, 0.000448329112
0.109170303, 0.0066786557, 0.0315940566, -0.000476198067
0.109170303, 0.0083483234, 0.0313808396, 3.06980764e-05
0.109170303, 0.0100179836, 0.0323618576, 0.000616130303
0.109170303, 0.0116876438, 0.0333714373, -0.0003628454
0.109170303, 0.0133573115, 0.0327950269, -1.6654194e-05
0.109170303, 0.0150269717, 0.0313956216, 0.00013002631
0.109170303, 0.0166966394, 0.0297478326, 0.000332836877
0.109170303, 0.0183662996, 0.0237941071, 0.000343043008
0.109170303, 0.0200359672, 0.0118041579, -0.000745419529
0.109170303, 0.0217056274, 0.00388142723, -0.00111651095

0.109170303, 0, 0.0233661793, 0.000710152322
0.109170303, 0.0016696677, 0.0283476505, 0.000645666441
0.109170303, 0.0033393279, 0.0300970804, 0.000955136551
0.109170303, 0.0050089955, 0.0299729444, 0.000337073667
0.109170303, 0.0066786557, 0.0309501179, 8.97248465e-05
0.109170303, 0.0083483234, 0.0317253806, 0.000267266267
0.109170303, 0.0100179836, 0.0307850298, -7.51822881e-05
0.109170303, 0.0116876438, 0.0315020047, -0.000527541153
0.109170303, 0.0133573115, 0.0316138118, -0.000170949876
0.109170303, 0.0150269717, 0.0306895133, -0.000314685923
0.109170303, 0.0166966394, 0.0306151807, -0.000349242269
0.109170303, 0.0183662996, 0.0239795279, -0.00016849993
0.109170303, 0.0200359672, 0.00480056228, 0.000365671294
0.109170303, 0.0217056274, -0.00122833275, 0.000122190046

0.109170303, 0, 0.023013182, -0.00097726204
0.109170303, 0.0016696677, 0.0285118595, -0.000659112644
0.109170303, 0.0033393279, 0.0308028925, -0.000238244422
0.109170303, 0.0050089955, 0.0312924124, -0.000280823529
0.109170303, 0.0066786557, 0.0313013196, -0.00040038256
0.109170303, 0.0083483234, 0.0321004428, -0.001764004
0.109170303, 0.0100179836, 0.0316787548, -0.000601992942
0.109170303, 0.0116876438, 0.0308132209, -3.87086475e-05
0.109170303, 0.0133573115, 0.0312858783, -0.000429587934
0.109170303, 0.0150269717, 0.031434726, -9.63178609e-05
0.109170303, 0.0166966394, 0.0309572816, 0.000321306259
0.109170303, 0.0183662996, 0.0224106535, -0.000671773683
0.109170303, 0.0200359672, 0.0028215819, -0.00207017199
0.109170303, 0.0217056274, -0.00146534562, -0.00126030773

0.109170303, 0, 0.0209105462, 0.000138069445
0.109170303, 0.0016696677, 0.0276563857, -0.00149615004
0.109170303, 0.0033393279, 0.0307909865, -0.000742116128
0.109170303, 0.0050089955, 0.0316258073, 6.97946234e-05
0.109170303, 0.0066786557, 0.0310713332, 0.000293742633
0.109170303, 0.0083483234, 0.0309943408, 0.000141954923
0.109170303, 0.0100179836, 0.0307412185, -0.00141878414
0.109170303, 0.0116876438, 0.0303349458, -0.00162783696
0.109170303, 0.0133573115, 0.0308119133, -0.000986575848
0.109170303, 0.0150269717, 0.0307290703, -0.000756742258
0.109170303, 0.0166966394, 0.0303613059, -0.00023690633
0.109170303, 0.0183662996, 0.0225272383, -0.000838445325
0.109170303, 0.0200359672, 0.00765158189, -0.000565075141
0.109170303, 0.0217056274, 0.00455855392, 0.000610741903

0.109170303, 0, 0.0229856446, 0.000659060024
0.109170303, 0.0016696677, 0.0280005466, 0.000344947359
0.109170303, 0.0033393279, 0.0300063696, -0.000482476491
0.109170303, 0.0050089955, 0.0307117291, -0.000643979118
0.109170303, 0.0066786557, 0.030961303, -0.000701285899
0.109170303, 0.0083483234, 0.0309257582, 0.000545549032
0.109170303, 0.0100179836, 0.0309220944, 0.00143453118
0.109170303, 0.0116876438, 0.0314909853, 0.000359518337
0.109170303, 0.0133573115, 0.0319656394, -0.00112449611
0.109170303, 0.0150269717, 0.0313615687, -0.000759103743
0.109170303, 0.0166966394, 0.0292799659, 0.000203634671
0.109170303, 0.0183662996, 0.0224653557, 0.000302399771
0.109170303, 0.0200359672, 0.009248266, 9.05065826e-05
0.109170303, 0.0217056274, -0.000205463773, -0.000631167437

0.109170303, 0, 0.0188353639, -5.30918442e-05
0.109170303, 0.0016696677, 0.0270313676, 0.000190319552
0.109170303, 0.0033393279, 0.0295065455, -2.26805296e-05
0.109170303, 0.0050089955, 0.0297836456, -0.000225378957
0.109170303, 0.0066786557, 0.029729085, -0.000479337206
0.109170303, 0.0083483234, 0.0293936357, -0.000113478723
0.109170303, 0.0100179836, 0.0297707021, -0.000566491857
0.109170303, 0.0116876438, 0.0302707572, -0.000496737834
0.109170303, 0.0133573115, 0.0303889085, -0.000434233283
0.109170303, 0.0150269717, 0.0304137636, 0.00016842995
0.109170303, 0.0166966394, 0.0289811958, -5.10204773e-05
0.109170303, 0.0183662996, 0.0188811049, -0.00132429844
0.109170303, 0.0200359672, 0.00447237678, 0.000489471306
0.109170303, 0.0217056274, 0.00458969688, 0.000987282256

0.109170303, 0, 0.0173671544, 0.000459605886
0.109170303, 0.0016696677, 0.0260405205, 0.00133259292
0.109170303, 0.0033393279, 0.0295584239, -0.00123198261
0.109170303, 0.0050089955, 0.0309278052, -0.000728973653
0.109170303, 0.0066786557, 0.0309977028, 4.33303967e-06
0.109170303, 0.0083483234, 0.030949831, -0.000772489584
0.109170303, 0.0100179836, 0.0310479347, -0.0010290182
0.109170303, 0.0116876438, 0.0313531682, -0.000360730686
0.109170303, 0.0133573115, 0.0306923147, -0.000285534799
0.109170303, 0.0150269717, 0.0299174637, -0.000172766653
0.109170303, 0.0166966394, 0.0296432078, -0.000923541724
0.109170303, 0.0183662996, 0.0233122259, -0.00118155545
0.109170303, 0.0200359672, 0.0104261711, -0.000200085575
0.109170303, 0.0217056274, 0.00364589482, -0.00110124238

0.109170303, 0, 0.0205799397, 0.000457769347
0.109170303, 0.0016696677, 0.0256749187, 0.000409724511
0.109170303, 0.0033393279, 0.0286123697, 9.78930475e-05
0.109170303, 0.0050089955, 0.0299534649, -7.19595628e-05
0.109170303, 0.0066786557, 0.0295753386, 0.00107081013
0.109170303, 0.0083483234, 0.0295276977, 0.000711064204
0.109170303, 0.0100179836, 0.0297784302, -0.000797097862
0.109170303, 0.0116876438, 0.0298086461, -0.000676878204
0.109170303, 0.0133573115, 0.0298529584, 0.00040851321
0.109170303, 0.0150269717, 0.0296982638, 0.000364643202
0.109170303, 0.0166966394, 0.0289112963, -0.000114200913
0.109170303, 0.0183662996, 0.0222505536, -0.000325717207
0.109170303, 0.0200359672, 0.00921979174, -0.00106046465
0.109170303, 0.0217056274, 0.00474198442, -0.000699154509

0.109170303, 0, 0.0167458877, 0.000569518248
0.109170303, 0.0016696677, 0.022363605, 0.00140477449
0.109170303, 0.0033393279, 0.0277831089, 6.52447925e-05
0.109170303, 0.0050089955, 0.0297917053, 0.000476332789
0.109170303, 0.0066786557, 0.0283341967, -2.95618011e-05
0.109170303, 0.0083483234, 0.0286646094, -0.00107062713
0.109170303, 0.0100179836, 0.0288023856, -0.000658818462
0.109170303, 0.0116876438, 0.0277138445, -0.000579354237
0.109170303, 0.0133573115, 0.028965624, -0.000380880898
0.109170303, 0.0150269717, 0.0299205147, -0.000565676775
0.109170303, 0.0166966394, 0.0293913409, -9.34442723e-05
0.109170303, 0.0183662996, 0.0175606757, 0.00181931525
0.109170303, 0.0200359672, -0.00210649986, 0.0022490758
0.109170303, 0.0217056274, 3.08377094e-06, -0.000285455841

0.109170303, 0, 0.0166228619, -0.000466430705
0.109170303, 0.0016696677, 0.0235279724, -0.000347876863
0.109170303, 0.0033393279, 0.0268936865, 0.000153620422
0.109170303, 0.0050089955, 0.028182365, 0.000322030886
0.109170303, 0.0066786557, 0.0290768426, -1.44893022e-06
0.109170303, 0.0083483234, 0.0298558846, -0.000147112951
0.109170303, 0.0100179836, 0.0282807518, -0.000387576205
0.109170303, 0.0116876438, 0.0283804052, -0.000891782169
0.109170303, 0.0133573115, 0.0285957605, -0.0001871516
0.109170303, 0.0150269717, 0.0282554757, -0.000640696497
0.109170303, 0.0166966394, 0.0277821422, -0.00168038183
0.109170303, 0.0183662996, 0.0178998802, -0.000891601841
0.109170303, 0.0200359672, 0.00435121963, -0.00027154517
0.109170303, 0.0217056274, 0.00311729778, 0.000653201132

0.109170303, 0, 0.0160137862, 0.000135566617
0.109170303, 0.0016696677, 0.0226961765, 0.00117374875
0.109170303, 0.0033393279, 0.0291776005, 0.00179604697
0.109170303, 0.0050089955, 0.0274415687, 0.00176887447
0.109170303, 0.0066786557, 0.027754752, 0.00200197962
0.109170303, 0.0083483234, 0.0295445416, 0.000857453211
0.109170303, 0.0100179836, 0.029786028, -0.000626054767
0.109170303, 0.0116876438, 0.0292071048, -0.000529412413
0.109170303, 0.0133573115, 0.0278692786, 5.72848876e-05
0.109170303, 0.0150269717, 0.0276157074, 0.000377873628
0.109170303, 0.0166966394, 0.0276586413, 0.000992647721
0.109170303, 0.0183662996, 0.0206900276, 0.00108583074
0.109170303, 0.0200359672, 0.00918883737, 0.00061333261
0.109170303, 0.0217056274, 0.00415418157, 4.59555376e-05

0.109170303, 0, 0.00854211766, 0.00148815592
0.109170303, 0.0016696677, 0.0180297885, 0.000948079687
0.109170303, 0.0033393279, 0.0262827165, -0.0031887407
0.109170303, 0.0050089955, 0.0283274017, -0.000607740716
0.109170303, 0.0066786557, 0.0285872072, -0.000360812119
0.109170303, 0.0083483234, 0.0286641307, -0.00054867618
0.109170303, 0.0100179836, 0.0287976954, 0.000289519434
0.109170303, 0.0116876438, 0.0292286798, 0.000645993103
0.109170303, 0.0133573115, 0.0296938047, -0.000904769695
0.109170303, 0.0150269717, 0.029226996, -0.000327211543
0.109170303, 0.0166966394, 0.0262934957, 0.00163609197
0.109170303, 0.0183662996, 0.0166026969, 0.000326195877
0.109170303, 0.0200359672, 0.00487961294, -0.000170307016
0.109170303, 0.0217056274, 0.00518247997, -0.000855202787

0.109170303, 0, 0.00654652994, 0.00129404292
0.109170303, 0.0016696677, 0.0204101074, 0.00290981634
0.109170303, 0.0033393279, 0.0287450105, 0.000975388801
0.109170303, 0.0050089955, 0.0285594333, 0.000641744758
0.109170303, 0.0066786557, 0.0280793011, 6.16904072e-05
0.109170303, 0.0083483234, 0.0281002093, -0.00135546294
0.109170303, 0.0100179836, 0.0271524209, -0.000494128151
0.109170303, 0.0116876438, 0.0267955475, -0.000789286103
0.109170303, 0.0133573115, 0.0264791772, 0.000234025618
0.109170303, 0.0150269717, 0.0277490877, 0.000374417083
0.109170303, 0.0166966394, 0.0256358646, -0.000546194206
0.109170303, 0.0183662996, 0.0165627506, -0.00141397736
0.109170303, 0.0200359672, 0.00877625495, -0.00129362964
0.109170303, 0.0217056274, 0.00832761358, -4.21382283e-05

0.109170303, 0, 0.00953698996, 0.000489019614
0.109170303, 0.0016696677, 0.0185797289, 0.000768306549
0.109170303, 0.0033393279, 0.0273684561, -0.000534625782
0.109170303, 0.0050089955, 0.0274005197, 0.00074378436
0.109170303, 0.0066786557, 0.0268096831, 0.00107930542
0.109170303, 0.0083483234, 0.028274253, 0.000419526012
0.109170303, 0.0100179836, 0.0275965407, -6.17538462e-05
0.109170303, 0.0116876438, 0.0285521615, -0.00094780128
0.109170303, 0.0133573115, 0.0278115459, -0.00129306584
0.109170303, 0.0150269717, 0.0264520887, -0.000756111054
0.109170303, 0.0166966394, 0.0249902364, 0.000503556163
0.109170303, 0.0183662996, 0.0194126312, 0.000944755913
0.109170303, 0.0200359672, 0.0115421219, 0.000601379084
0.109170303, 0.0217056274, 0.00752220303, -0.000403095386

0.109170303, 0, 0.0124375755, 0.000135096154
0.109170303, 0.0016696677, 0.0227461569, -0.000580464839
0.109170303, 0.0033393279, 0.0256826654, -0.00201134779
0.109170303, 0.0050089955, 0.0252819098, -0.00164946984
0.109170303, 0.0066786557, 0.0256547853, -0.00099672412
0.109170303, 0.0083483234, 0.0282035004, -0.000629702408
0.109170303, 0.0100179836, 0.0290785488, 3.85118474e-05
0.109170303, 0.0116876438, 0.0273375344, -0.00064212468
0.109170303, 0.0133573115, 0.0275437012, -0.00125747151
0.109170303, 0.0150269717, 0.0285718665, -0.00152245397
0.109170303, 0.0166966394, 0.0284466352, -0.00063263654
0.109170303, 0.0183662996, 0.020139398, 0.00117635226
0.109170303, 0.0200359672, 0.00312458258, 0.000264794158
0.109170303, 0.0217056274, 0.0045193159, -0.000200370967

0.109170303, 0, 0.00519795809, 0.000535475963
0.109170303, 0.0016696677, 0.020520607, -0.000135187729
0.109170303, 0.0033393279, 0.0272193458, -0.000632643758
0.109170303, 0.0050089955, 0.0262768082, -0.000516451662
0.109170303, 0.0066786557, 0.0237448029, 0.00111547066
0.109170303, 0.0083483234, 0.0244289208, 0.000517349865
0.109170303, 0.0100179836, 0.0280001666, -7.14479465e-05
0.109170303, 0.0116876438, 0.0284836721, 0.00065034494
0.109170303, 0.0133573115, 0.0282413717, 0.000574702048
0.109170303, 0.0150269717, 0.0298901647, -0.000541385321
0.109170303, 0.0166966394, 0.0281983018, -0.000185348341
0.109170303, 0.0183662996, 0.0142618297, 0.00073240872
0.109170303, 0.0200359672, -0.00132677553, -0.00011923397
0.109170303, 0.0217056274, 0.00119069708, -0.000162922035

0.109170303, 0, 0.0110791456, -0.000611598138
0.109170303, 0.0016696677, 0.0181083158, -2.92584118e-05
0.109170303, 0.0033393279, 0.0263620838, 0.00146752317
0.109170303, 0.0050089955, 0.026979642, 0.00156743301
0.109170303, 0.0066786557, 0.0251361094, 0.000746448466
0.109170303, 0.0083483234, 0.0259471294, -0.000715399743
0.109170303, 0.0100179836, 0.0270552039, 0.00034145877
0.109170303, 0.0116876438, 0.0264782514, 0.00158725621
0.109170303, 0.0133573115, 0.0273461808, 0.000891885953
0.109170303, 0.0150269717, 0.0287714116, 0.00096808892
0.109170303, 0.0166966394, 0.0257629436, 0.000396770221
0.109170303, 0.0183662996, 0.0151151987, -0.00161223311
0.109170303, 0.0200359672, 0.00318782241, -0.000500483671
0.109170303, 0.0217056274, 0.000460656476, -0.000914166449

0.109170303, 0, 0.00832260214, -0.000700350502
0.109170303, 0.0016696677, 0.0148720918, -0.00188938482
0.109170303, 0.0033393279, 0.02491506, -0.0020696288
0.109170303, 0.0050089955, 0.0241905507, -0.00195755763
0.109170303, 0.0066786557, 0.0232232995, -0.00112996041
0.109170303, 0.0083483234, 0.0247687381, 0.000603572524
0.109170303, 0.0100179836, 0.0261618905, 0.00174918503
0.109170303, 0.0116876438, 0.0266474858, 0.0020042446
0.109170303, 0.0133573115, 0.0258056335, 0.000262450456
0.109170303, 0.0150269717, 0.0277495664, -4.95554232e-05
0.109170303, 0.0166966394, 0.025516957, -0.00141738099
0.109170303, 0.0183662996, 0.0105428277, 0.000320244435
0.109170303, 0.0200359672, -0.00144681323, 0.000938767975
0.109170303, 0.0217056274, 0.00202677399, -8.81194574e-05

0.109170303, 0, 0.014217766, -6.97661308e-05
0.109170303, 0.0016696677, 0.0206892658, -6.08416667e-05
0.109170303, 0.0033393279, 0.0263417084, -0.000508132915
0.109170303, 0.0050089955, 0.0264981613, -0.00046800595
0.109170303, 0.0066786557, 0.0254612435, 0.000542654365
0.109170303, 0.0083483234, 0.0240629055, -0.00123449392
0.109170303, 0.0100179836, 0.0235383585, -0.0027002953
0.109170303, 0.0116876438, 0.02752636, -0.000304036977
0.109170303, 0.0133573115, 0.0291188341, -0.0011523678
0.109170303, 0.0150269717, 0.0288827252, -0.000590731797
0.109170303, 0.0166966394, 0.0269703083, 9.4271556e-05
0.109170303, 0.0183662996, 0.0175403897, -0.00105542317
0.109170303, 0.0200359672, 0.00205198745, -0.000496128865
0.109170303, 0.0217056274, -0.000299581326, -0.000260912202

0.109170303, 0, 0.0105481017, -0.00014367835
0.109170303, 0.0016696677, 0.0187562313, 0.00072079862
0.109170303, 0.0033393279, 0.0227747671, 0.00344357523
0.109170303, 0.0050089955, 0.0227499474, 0.000321042258
0.109170303, 0.0066786557, 0.0257950872, -8.21542781e-05
0.109170303, 0.0083483234, 0.0272231977, -0.000242350696
0.109170303, 0.0100179836, 0.0236561187, -0.00143675879
0.109170303, 0.0116876438, 0.0234731976, 0.00131361477
0.109170303, 0.0133573115, 0.0256008115, -0.00012199326
0.109170303, 0.0150269717, 0.027566798, -0.00103493675
0.109170303, 0.0166966394, 0.0255074818, -0.00132801477
0.109170303, 0.0183662996, 0.0114569217, -0.0020115436
0.109170303, 0.0200359672, -0.00137627823, -0.00217047008
0.109170303, 0.0217056274, 0.000788115663, -0.00132071855

0.109170303, 0, 0.00820624176, 1.16105036e-06
0.109170303, 0.0016696677, 0.0196015704, 0.00165324623
0.109170303, 0.0033393279, 0.0247694068, 0.00372824771
0.109170303, 0.0050089955, 0.0222928431, 0.00163559616
0.109170303, 0.0066786557, 0.0236109607, -8.72692544e-05
0.109170303, 0.0083483234, 0.0265057404, 0.000614834717
0.109170303, 0.0100179836, 0.0256118085, -0.0005347103
0.109170303, 0.0116876438, 0.0267249644, -0.000502739102
0.109170303, 0.0133573115, 0.026484577, 0.000371022208
0.109170303, 0.0150269717, 0.0263433922, -8.43216476e-05
0.109170303, 0.0166966394, 0.0198587123, -0.00236719381
0.109170303, 0.0183662996, 0.00519360555, -0.000116608113
0.109170303, 0.0200359672, 0.00429042103, 0.000631057541
0.109170303, 0.0217056274, 0.00518295169, -0.000408283697

0.109170303, 0, 0.00550092757, 0.00198899023
0.109170303, 0.0016696677, 0.0152055742, 0.00415763119
0.109170303, 0.0033393279, 0.0245065857, -0.00119087927
0.109170303, 0.0050089955, 0.0234234743, -0.00164018117
0.109170303, 0.0066786557, 0.0241446625, 0.000871034223
0.109170303, 0.0083483234, 0.0267188866, -0.000389347144
0.109170303, 0.0100179836, 0.0263826568, -0.00206833216
0.109170303, 0.0116876438, 0.0235236771, -0.00195971504
0.109170303, 0.0133573115, 0.0239143819, -0.00201077317
0.109170303, 0.0150269717, 0.02504085, -0.003393166
0.109170303, 0.0166966394, 0.0233622287, -0.00344401924
0.109170303, 0.0183662996, 0.0130190784, 0.00060022145
0.109170303, 0.0200359672, 0.00500898948, 0.00205257
0.109170303, 0.0217056274, 0.00490815565, 0.00126444513

0.109170303, 0, 0.0131392758, 0.0011616681
0.109170303, 0.0016696677, 0.0196353886, 0.00127824454
0.109170303, 0.0033393279, 0.0252415482, -0.000904916844
0.109170303, 0.0050089955, 0.0256081093, 0.000894037774
0.109170303, 0.0066786557, 0.0224491507, -0.00123679207
0.109170303, 0.0083483234, 0.0211052094, -0.00262703444
0.109170303, 0.0100179836, 0.0253307782, -0.00269039162
0.109170303, 0.0116876438, 0.0259213578, -0.00186260068
0.109170303, 0.0133573115, 0.0240844004, -0.00203250721
0.109170303, 0.0150269717, 0.0271664262, -0.000783263939
0.109170303, 0.0166966394, 0.026417654, 0.00224333396
0.109170303, 0.0183662996, 0.0149175115, 0.000655623386
0.109170303, 0.0200359672, 0.00501443632, 3.95814859e-05
0.109170303, 0.0217056274, 0.00406070799, 0.000414608046

0.109170303, 0, 0.0119123459, -0.00107003783
0.109170303, 0.0016696677, 0.015422821, -0.00210106024
0.109170303, 0.0033393279, 0.0193005707, -0.000962354243
0.109170303, 0.0050089955, 0.0257573985, 0.000144614212
0.109170303, 0.0066786557, 0.0280212853, 0.00212613167
0.109170303, 0.0083483234, 0.0241387375, 0.0012572459
0.109170303, 0.0100179836, 0.0225475747, -0.002086211
0.109170303, 0.0116876438, 0.0276797526, -0.0022004582
0.109170303, 0.0133573115, 0.0248076469, 0.000510547892
0.109170303, 0.0150269717, 0.0238932464, -6.1435996e-05
0.109170303, 0.0166966394, 0.0203618184, -0.000178470815
0.109170303, 0.0183662996, 0.00691691134, -0.000203727541
0.109170303, 0.0200359672, 0.00126420578, 0.000190410719
0.109170303, 0.0217056274, 0.00262215873, -0.000246267824

0.109170303, 0, 0.00876551028, -0.00118409423
0.109170303, 0.0016696677, 0.0155444788, -0.00351216877
0.109170303, 0.0033393279, 0.0251017101, -0.00439531216
0.109170303, 0.0050089955, 0.0236401595, -0.00310499896
0.109170303, 0.0066786557, 0.0248495229, -0.00193742465
0.109170303, 0.0083483234, 0.028367782, -9.31342511e-05
0.109170303, 0.0100179836, 0.0276840832, 0.00253737578
0.109170303, 0.0116876438, 0.0259106159, 0.00170951686
0.109170303, 0.0133573115, 0.0222104564, -0.000393108581
0.109170303, 0.0150269717, 0.0248591583, 0.0016598521
0.109170303, 0.0166966394, 0.0214176737, 0.00216435711
0.109170303, 0.0183662996, 0.00752240606, -0.0010594225
0.109170303, 0.0200359672, 0.00102799339, -0.00040525684
0.109170303, 0.0217056274, 0.0022512679, -0.00122755009

0.109170303, 0, 0.0085469149, -0.00220903079
0.109170303, 0.0016696677, 0.0154407322, -0.0014613102
0.109170303, 0.0033393279, 0.0268433895, 0.00306533161
0.109170303, 0.0050089955, 0.0227688942, -0.000654739677
0.109170303, 0.0066786557, 0.0207023993, -0.000569523952
0.109170303, 0.0083483234, 0.0244663507, 0.00175395876
0.109170303, 0.0100179836, 0.0257607438, 0.0050465758
0.109170303, 0.0116876438, 0.027098313, 0.000622327614
0.109170303, 0.0133573115, 0.0246707462, 7.7949544e-06
0.109170303, 0.0150269717, 0.0202695522, -0.000368360605
0.109170303, 0.0166966394, 0.0158686861, -0.00163244305
0.109170303, 0.0183662996, 0.0106370775, -0.00298295124
0.109170303, 0.0200359672, 0.00735763833, -0.000854154525
0.109170303, 0.0217056274, 0.00414858526, -0.000202584633

0.109170303, 0, 0.00872484315, 0.00231455872
0.109170303, 0.0016696677, 0.0176986493, 0.00493629882
0.109170303, 0.0033393279, 0.0221151542, 0.00227568625
0.109170303, 0.0050089955, 0.0239165481, -0.00472144317
0.109170303, 0.0066786557, 0.0248862803, -0.00724456832
0.109170303, 0.0083483234, 0.0259825606, -0.00552305067
0.109170303, 0.0100179836, 0.0252881944, -0.00102250942
0.109170303, 0.0116876438, 0.0257346872, 0.0012982362
0.109170303, 0.0133573115, 0.0267824363, -0.000586730777
0.109170303, 0.0150269717, 0.0259864256, 0.00054284191
0.109170303, 0.0166966394, 0.0217502248, 0.00183401804
0.109170303, 0.0183662996, 0.0108775468, -0.00298984046
0.109170303, 0.0200359672, 0.00250394316, -0.00126487843
0.109170303, 0.0217056274, 0.00147404743, 0.000637609104

0.109170303, 0, 0.0120527632, 0.000113412156
0.109170303, 0.0016696677, 0.0133258244, -0.000541450106
0.109170303, 0.0033393279, 0.0188647937, 0.00382962334
0.109170303, 0.0050089955, 0.02381525, 0.00391655602
0.109170303, 0.0066786557, 0.021603914, 0.00264500384
0.109170303, 0.0083483234, 0.021223925, 0.000559907872
0.109170303, 0.0100179836, 0.0261554755, 0.00272771157
0.109170303, 0.0116876438, 0.0261612963, -0.0001819178
0.109170303, 0.0133573115, 0.0256673656, 0.00164642197
0.109170303, 0.0150269717, 0.024078371, 0.00344641553
0.109170303, 0.0166966394, 0.021251319, 0.000748511869
0.109170303, 0.0183662996, 0.0108965552, -0.000672429625
0.109170303, 0.0200359672, 0.00381868985, -0.0012229518
0.109170303, 0.0217056274, 0.00448408676, -0.000274722668

0.109170303, 0, 0.00800067559, 0.00132353825
0.109170303, 0.0016696677, 0.00943954289, 0.00129187712
0.109170303, 0.0033393279, 0.0201983564, -0.00238530571
0.109170303, 0.0050089955, 0.0207677428, 0.000209101403
0.109170303, 0.0066786557, 0.0177925546, -7.67431047e-05
0.109170303, 0.0083483234, 0.0224347431, -0.000122523023
0.109170303, 0.0100179836, 0.025801586, -0.00136673322
0.109170303, 0.0116876438, 0.0207329467, 0.000732947257
0.109170303, 0.0133573115, 0.0195635203, -0.000815479027
0.109170303, 0.0150269717, 0.022133965, -0.00326566491
0.109170303, 0.0166966394, 0.0199375711, -0.00284467079
0.109170303, 0.0183662996, 0.00925453473, -0.000547033327
0.109170303, 0.0200359672, 0.00481414981, -0.000293501507
0.109170303, 0.0217056274, 0.00444481149, 2.83828649e-05

0.109170303, 0, 0.00742425071, 0.00133334997
0.109170303, 0.0016696677, 0.00908481423, 0.00156504801
0.109170303, 0.0033393279, 0.010861448, 0.000425872509
0.109170303, 0.0050089955, 0.0163485073, -0.00395663455
0.109170303, 0.0066786557, 0.0186134968, -0.00461475039
0.109170303, 0.0083483234, 0.021668382, -0.00318539608
0.109170303, 0.0100179836, 0.0255999491, 0.00198543561
0.109170303, 0.0116876438, 0.0185011141, 0.00267527555
0.109170303, 0.0133573115, 0.0180057045, 0.00221985183
0.109170303, 0.0150269717, 0.0239050332, 0.000642394705
0.109170303, 0.0166966394, 0.018662585, -0.000386427855
0.109170303, 0.0183662996, 0.00416004658, -0.00106071227
0.109170303, 0.0200359672, 0.00152572105, -0.000924271939
0.109170303, 0.0217056274, -9.81964331e-05, 0.000524137285

0.109170303, 0, 0.0023443026, -0.000819840992
0.109170303, 0.0016696677, 0.0104962718, -0.00183668849
0.109170303, 0.0033393279, 0.014515765, -0.00743325567
0.109170303, 0.0050089955, 0.0149370143, -0.00418878766
0.109170303, 0.0066786557, 0.0161342938, -0.00376939448
0.109170303, 0.0083483234, 0.0182129499, -0.00281444215
0.109170303, 0.0100179836, 0.0160895791, 0.000944102241
0.109170303, 0.0116876438, 0.0165939704, -0.00328590791
0.109170303, 0.0133573115, 0.024119027, -0.000438778457
0.109170303, 0.0150269717, 0.0242373087, -0.000356544391
0.109170303, 0.0166966394, 0.0161534213, -0.00213144952
0.109170303, 0.0183662996, 0.00511600356, 0.000230955528
0.109170303, 0.0200359672, 0.00284535065, 1.31284187e-05
0.109170303, 0.0217056274, 0.0034794528, -5.71742839e-06

0.109170303, 0, 0.00300916238, 0.000397768978
0.109170303, 0.0016696677, 0.0115231788, 0.000402608479
0.109170303, 0.0033393279, 0.0161706321, -0.000918514328
0.109170303, 0.0050089955, 0.0187457372, -0.000981720281
0.109170303, 0.0066786557, 0.0210021678, 0.000985460938
0.109170303, 0.0083483234, 0.0211113151, 0.00250201207
0.109170303, 0.0100179836, 0.0209182221, 0.00307893357
0.109170303, 0.0116876438, 0.0246427897, -0.000861065695
0.109170303, 0.0133573115, 0.0236053802, 0.000381359365
0.109170303, 0.0150269717, 0.0185522493, 0.000662187114
0.109170303, 0.0166966394, 0.0130185997, -0.00296734716
0.109170303, 0.0183662996, 0.00498178648, 0.000360892504
0.109170303, 0.0200359672, 0.00174140593, 0.00198772992
0.109170303, 0.0217056274, 0.00221402384, 0.00186240685

0.109170303, 0, 0.00164222298, 0.0010378341
0.109170303, 0.0016696677, 0.00680271117, 0.00217324099
0.109170303, 0.0033393279, 0.0206604376, 0.00280051166
0.109170303, 0.0050089955, 0.017627243, -0.00183175039
0.109170303, 0.0066786557, 0.0164187551, -0.00148962811
0.109170303, 0.0083483234, 0.0173674952, -0.00040810628
0.109170303, 0.0100179836, 0.0180610027, 0.00162421935
0.109170303, 0.0116876438, 0.0200843718, 0.0030758651
0.109170303, 0.0133573115, 0.0189883728, -0.00212739012
0.109170303, 0.0150269717, 0.0165148936, -0.00559620513
0.109170303, 0.0166966394, 0.0130745685, -0.00298726791
0.109170303, 0.0183662996, 0.00482398737, 0.00121875247
0.109170303, 0.0200359672, 0.000404412305, 0.000393607683
0.109170303, 0.0217056274, 0.00227456819, -0.000901222054

0.109170303, 0, 0.00480987597, 0.000212489132
0.109170303, 0.0016696677, 0.00917819608, -0.000217855326
0.109170303, 0.0033393279, 0.0171760339, -0.00406784192
0.109170303, 0.0050089955, 0.020276716, -0.00205686293
0.109170303, 0.0066786557, 0.0175008047, 0.00463956874
0.109170303, 0.0083483234, 0.0161667056, 0.00422061561
0.109170303, 0.0100179836, 0.0214502756, 0.00126580975
0.109170303, 0.0116876438, 0.0235909112, 0.00419582287
0.109170303, 0.0133573115, 0.023544699, -0.00122963032
0.109170303, 0.0150269717, 0.0222682934, -0.00368397869
0.109170303, 0.0166966394, 0.0138755226, -0.000797450077
0.109170303, 0.0183662996, 0.00407383125, 0.000285044138
0.109170303, 0.0200359672, 0.00248393184, 0.000667521323
0.109170303, 0.0217056274, 0.00234897272, -6.0932598e-05

0.109170303, 0, 0.00619636243, 0.00253109308
0.109170303, 0.0016696677, 0.00787596591, 0.00424692361
0.109170303, 0.0033393279, 0.0154652679, 0.00720810751
0.109170303, 0.0050089955, 0.0188857094, 0.00811519846
0.109170303, 0.0066786557, 0.0181445181, 0.00177797733
0.109170303, 0.0083483234, 0.0131341219, 0.00154037844
0.109170303, 0.0100179836, 0.0172268059, 0.00285523874
0.109170303, 0.0116876438, 0.0214819908, 0.00304579106
0.109170303, 0.0133573115, 0.0222816449, 0.00139357604
0.109170303, 0.0150269717, 0.0200159717, -0.000572190562
0.109170303, 0.0166966394, 0.0130571797, 0.00115630426
0.109170303, 0.0183662996, 0.00667627715, 0.000515450025
0.109170303, 0.0200359672, 0.00398875866, -3.82496837e-05
0.109170303, 0.0217056274, 0.00179194158, 0.000143159006

0.109170303, 0, 0.00272876956, 0.000791597413
0.109170303, 0.0016696677, 0.00449520675, 0.000219965135
0.109170303, 0.0033393279, 0.0139545388, -0.00717663858
0.109170303, 0.0050089955, 0.0145909097, -0.00652991142
0.109170303, 0.0066786557, 0.0100039179, -0.0016189937
0.109170303, 0.0083483234, 0.016458625, -0.00131719501
0.109170303, 0.0100179836, 0.0219536871, 0.000153268935
0.109170303, 0.0116876438, 0.0187385753, -0.00111165096
0.109170303, 0.0133573115, 0.0144809931, 0.000430843618
0.109170303, 0.0150269717, 0.0158876758, -7.96505119e-05
0.109170303, 0.0166966394, 0.0120081408, -0.00104366778
0.109170303, 0.0183662996, 0.00615281286, -0.00075983553
0.109170303, 0.0200359672, 0.003077409, -0.00015028863
0.109170303, 0.0217056274, 0.00140787836, 0.000288584153

0.109170303, 0, 0.00100910314, 0.000936872384
0.109170303, 0.0016696677, 0.00687737763, 0.000321323954
0.109170303, 0.0033393279, 0.0188775938, 0.00431596115
0.109170303, 0.0050089955, 0.0184038896, 0.0052461517
0.109170303, 0.0066786557, 0.00904074125, 0.00323465164
0.109170303, 0.0083483234, 0.00896985084, 0.00226766709
0.109170303, 0.0100179836, 0.0154689113, 0.000352133706
0.109170303, 0.0116876438, 0.016228063, -0.00136314554
0.109170303, 0.0133573115, 0.0167059191, -0.00100410346
0.109170303, 0.0150269717, 0.013369035, -0.00074144511
0.109170303, 0.0166966394, 0.0110549443, -0.00206119195
0.109170303, 0.0183662996, 0.00633474393, -0.00188792148
0.109170303, 0.0200359672, 0.00299416017, -0.000728592393
0.109170303, 0.0217056274, 0.00251884898, -0.000282843743

0.109170303, 0, 0.00369957066, -0.000887581322
0.109170303, 0.0016696677, 0.00600848766, -0.00111097377
0.109170303, 0.0033393279, 0.00979892351, 0.00347570283
0.109170303, 0.0050089955, 0.0154845649, -0.00222015986
0.109170303, 0.0066786557, 0.0188114364, -0.00835748855
0.109170303, 0.0083483234, 0.0153337875, -0.00659124833
0.109170303, 0.0100179836, 0.0148859676, -0.00148236565
0.109170303, 0.0116876438, 0.0173635799, 0.000511925493
0.109170303, 0.0133573115, 0.0170773845, -0.000195905435
0.109170303, 0.0150269717, 0.0179857332, 0.000998438452
0.109170303, 0.0166966394, 0.0162838679, -0.00188286207
0.109170303, 0.0183662996, 0.00827742927, -0.000412515656
0.109170303, 0.0200359672, 0.00408754684, 0.000185976591
0.109170303, 0.0217056274, 0.00252976804, -0.000879244471

0.109170303, 0, 0.00933508016, -0.00182752265
0.109170303, 0.0016696677, 0.012145726, -0.00282435049
0.109170303, 0.0033393279, 0.011804048, 0.00145264924
0.109170303, 0.0050089955, 0.0132309822, 0.00104201143
0.109170303, 0.0066786557, 0.0150623182, 0.0012280636
0.109170303, 0.0083483234, 0.0143710282, -0.00127101305
0.109170303, 0.0100179836, 0.0113316514, 0.000855068676
0.109170303, 0.0116876438, 0.0107837105, -0.000625939923
0.109170303, 0.0133573115, 0.0117631163, -0.00375614082
0.109170303, 0.0150269717, 0.0120753543, -0.00429025153
0.109170303, 0.0166966394, 0.0119071435, -0.00559772318
0.109170303, 0.0183662996, 0.00629454712, -0.00260413671
0.109170303, 0.0200359672, 0.00189078332, -0.000610132585
0.109170303, 0.0217056274, 0.00158356398, 0.00116657675

0.109170303, 0, 0.00638121925, 0.000953445851
0.109170303, 0.0016696677, 0.00809057336, 0.00291492487
0.109170303, 0.0033393279, 0.0102235666, 0.00234203436
0.109170303, 0.0050089955, 0.0146240471, -0.00358306756
0.109170303, 0.0066786557, 0.0161163788, -0.000718418974
0.109170303, 0.0083483234, 0.0141385402, 0.00195103989
0.109170303, 0.0100179836, 0.0189159531, 0.00130974478
0.109170303, 0.0116876438, 0.0211131331, -0.000452218752
0.109170303, 0.0133573115, 0.0119315572, -0.00208603847
0.109170303, 0.0150269717, 0.0142700095, 3.43926295e-05
0.109170303, 0.0166966394, 0.0137749864, 0.00344339036
0.109170303, 0.0183662996, 0.00690967124, 0.00167350448
0.109170303, 0.0200359672, 0.00642563263, -0.00109833467
0.109170303, 0.0217056274, 0.00600712234, -0.00121009222

0.109170303, 0, 0.00382429082, -0.000458026741
0.109170303, 0.0016696677, 0.00579307135, -0.000535490806
0.109170303, 0.0033393279, 0.00934611727, -0.00504613575
0.109170303, 0.0050089955, 0.0154511277, -0.00107262016
0.109170303, 0.0066786557, 0.0170878843, 0.00360699929
0.109170303, 0.0083483234, 0.0124864168, 0.00404377002
0.109170303, 0.0100179836, 0.0165485088, 0.00510308752
0.109170303, 0.0116876438, 0.0171687864, 0.00342113874
0.109170303, 0.0133573115, 0.0103262244, 0.00205843151
0.109170303, 0.0150269717, 0.0113403527, -0.000765170436
0.109170303, 0.0166966394, 0.0108993296, -0.00305294688
0.109170303, 0.0183662996, 0.00491660647, -0.00157594436
0.109170303, 0.0200359672, 0.00271022087, -0.000453186629
0.109170303, 0.0217056274, 0.00157349056, 0.000302441738

0.109170303, 0, 0.00582928117, -0.000644680054
0.109170303, 0.0016696677, 0.00895051658, -0.000750057574
0.109170303, 0.0033393279, 0.00888520386, -0.00150068535
0.109170303, 0.0050089955, 0.00918691046, 0.000150355452
0.109170303, 0.0066786557, 0.0116651067, -0.000992229558
0.109170303, 0.0083483234, 0.0135529758, -0.000876479607
0.109170303, 0.0100179836, 0.0162345301, 0.00177541934
0.109170303, 0.0116876438, 0.0184913296, 0.0036148252
0.109170303, 0.0133573115, 0.0196412336, 0.000674122188
0.109170303, 0.0150269717, 0.0161651429, 3.37165075e-05
0.109170303, 0.0166966394, 0.00840856601, -3.12505244e-06
0.109170303, 0.0183662996, 0.00256562349, -0.0015391584
0.109170303, 0.0200359672, 0.00136444217, -0.000880444131
0.109170303, 0.0217056274, 0.00104243145, 0.000130024593

0.109170303, 0, 0.00935475528, 0.000847330375
0.109170303, 0.0016696677, 0.0130816149, 0.00126212591
0.109170303, 0.0033393279, 0.0102002341, -0.00520210387
0.109170303, 0.0050089955, 0.00935787801, -0.00630639214
0.109170303, 0.0066786557, 0.0108881909, -0.000743218523
0.109170303, 0.0083483234, 0.00857099425, 0.00566638447
0.109170303, 0.0100179836, 0.0113083562, 0.00220554206
0.109170303, 0.0116876438, 0.0180854164, 0.00277840742
0.109170303, 0.0133573115, 0.0154778054, 0.00284912228
0.109170303, 0.0150269717, 0.0115813585, 0.00248899171
0.109170303, 0.0166966394, 0.00634081382, 0.00244540465
0.109170303, 0.0183662996, 0.00196226407, -0.000288181996
0.109170303, 0.0200359672, 0.00219373358, -0.000605645764
0.109170303, 0.0217056274, 0.00181589637, 0.000579186075

0.109170303, 0, 0.00723011931, -0.00178349414
0.109170303, 0.0016696677, 0.00826604012, -0.00346694165
0.109170303, 0.0033393279, 0.00979874283, 0.000744187448
0.109170303, 0.0050089955, 0.00902786851, 0.000719558331
0.109170303, 0.0066786557, 0.00989141408, 0.00257840357
0.109170303, 0.0083483234, 0.0168644153, 0.00424645562
0.109170303, 0.0100179836, 0.0187820569, -0.000950633432
0.109170303, 0.0116876438, 0.0168837756, -0.00359078497
0.109170303, 0.0133573115, 0.0152132558, -0.000693376875
0.109170303, 0.0150269717, 0.0127673624, -0.000702959369
0.109170303, 0.0166966394, 0.00999989733, -0.000516119762
0.109170303, 0.0183662996, 0.00523410272, 0.000955619267
0.109170303, 0.0200359672, 0.00190751872, 0.000248035329
0.109170303, 0.0217056274, 0.00202868856, -0.00023895163

