x[m], y[m], u[m/s], v[m/s]
0.0907983705, 0, -0.00301262154, 0.00114757067
0.0907983705, 0.0016695559, 0.033821594, -0.00125279359
0.0907983705, 0.0033391193, 0.230361834, 0.000923171872
0.0907983705, 0.0050086752, 0.273377776, 0.000407166401
0.0907983705, 0.0066782386, 0.252854884, 0.000155650894
0.0907983705, 0.0083477945, 0.261541396, 0.00598957157
0.0907983705, 0.0100173578, 0.265946984, 0.00315288873
0.0907983705, 0.0116869137, 0.246026412, -0.00102381769
0.0907983705, 0.0133564771, 0.233189821, 0.00387512124
0.0907983705, 0.015026033, 0.240782782, 0.00540303206
0.0907983705, 0.0166955963, 0.188006952, 0.00252728513
0.0907983705, 0.0183651522, 0.115630887, 0.000843162881
0.0907983705, 0.0200347156, 0.0422638953, -0.000554194674
0.0907983705, 0.0217042789, 0.00217661797, -0.000522955321

0.0907983705, 0, -0.0025828958, 0.0041276929
0.0907983705, 0.0016695559, 0.0861853287, 0.00130633428
0.0907983705, 0.0033391193, 0.312123299, 0.00550910132
0.0907983705, 0.0050086752, 0.349316418, 0.00109731965
0.0907983705, 0.0066782386, 0.349714905, -2.43192299e-05
0.0907983705, 0.0083477945, 0.365137547, 0.006125296
0.0907983705, 0.0100173578, 0.375044584, 0.00247888686
0.0907983705, 0.0116869137, 0.372929931, -0.00292027369
0.0907983705, 0.0133564771, 0.36065793, 0.00382646057
0.0907983705, 0.015026033, 0.341853708, 0.0116691627
0.0907983705, 0.0166955963, 0.295603067, 0.0068853749
0.0907983705, 0.0183651522, 0.144204974, -0.000193863511
0.0907983705, 0.0200347156, 0.05129648, 0.00015069572
0.0907983705, 0.0217042789, -0.0268909652, 0.000156110196

0.0907983705, 0, 0.0354474671, 0.00431971019
0.0907983705, 0.0016695559, 0.25862515, 0.00197828398
0.0907983705, 0.0033391193, 0.363302976, 0.00178983691
0.0907983705, 0.0050086752, 0.429755449, -0.00207136199
0.0907983705, 0.0066782386, 0.427195996, -0.00702020712
0.0907983705, 0.0083477945, 0.422090471, -0.00272347289
0.0907983705, 0.0100173578, 0.398449838, 0.00240680948
0.0907983705, 0.0116869137, 0.405261368, 0.00348909968
0.0907983705, 0.0133564771, 0.415299267, 0.000524066156
0.0907983705, 0.015026033, 0.367036998, 0.00123990991
0.0907983705, 0.0166955963, 0.318739504, 0.00509625906
0.0907983705, 0.0183651522, 0.180613115, 0.00140593841
0.0907983705, 0.0200347156, -0.0139950067, -0.00403433945
0.0907983705, 0.0217042789, -0.030113874, -0.00130763091

0.0907983705, 0, 0.0425636619, 0.00673834654
0.0907983705, 0.0016695559, 0.236179247, 0.0026229755
0.0907983705, 0.0033391193, 0.355111539, -0.00101379643
0.0907983705, 0.0050086752, 0.406345099, 0.00290138577
0.0907983705, 0.0066782386, 0.433222771, 0.00247877394
0.0907983705, 0.0083477945, 0.443546265, 0.00101929379
0.0907983705, 0.0100173578, 0.4371925, 0.00651692739
0.0907983705, 0.0116869137, 0.433541775, 0.00358595443
0.0907983705, 0.0133564771, 0.433352441, 0.000823362032
0.0907983705, 0.015026033, 0.395838082, 0.00608289661
0.0907983705, 0.0166955963, 0.367444962, 0.00901149958
0.0907983705, 0.0183651522, 0.191490308, 0.00380086759
0.0907983705, 0.0200347156, 0.013667007, -0.000817391672
0.0907983705, 0.0217042789, -0.0283926222, 0.00187669671

0.0907983705, 0, 0.0661378354, 0.00878480263
0.0907983705, 0.0016695559, 0.21865584, 0.00352228456
0.0907983705, 0.0033391193, 0.350655764, 0.00340536609
0.0907983705, 0.0050086752, 0.388168991, 0.000413632311
0.0907983705, 0.0066782386, 0.410217226, 0.00237056659
0.0907983705, 0.0083477945, 0.409162134, 0.00169679523
0.0907983705, 0.0100173578, 0.403695256, 0.00431705499
0.0907983705, 0.0116869137, 0.40828681, 0.00500843627
0.0907983705, 0.0133564771, 0.407954544, 2.33169376e-05
0.0907983705, 0.015026033, 0.394325167, -0.00296799536
0.0907983705, 0.0166955963, 0.305334181, 0.0006590173
0.0907983705, 0.0183651522, 0.169570684, 0.00136459409
0.0907983705, 0.0200347156, 0.137961954, -0.0029601336
0.0907983705, 0.0217042789, 0.0401948206, -0.00181097072

0.0907983705, 0, 0.0521100648, 0.00766376359
0.0907983705, 0.0016695559, 0.286782384, 0.00592514826
0.0907983705, 0.0033391193, 0.355804533, 0.00238923472
0.0907983705, 0.0050086752, 0.373512834, -0.00057934114
0.0907983705, 0.0066782386, 0.381641567, 0.00294141984
0.0907983705, 0.0083477945, 0.400813073, 0.0061073727
0.0907983705, 0.0100173578, 0.404506832, 0.00702501228
0.0907983705, 0.0116869137, 0.37996605, 0.00308596087
0.0907983705, 0.0133564771, 0.374208123, 0.00495783053
0.0907983705, 0.015026033, 0.375705987, 0.00928346906
0.0907983705, 0.0166955963, 0.29195264, 0.0092948908
0.0907983705, 0.0183651522, 0.163161308, 0.00289184041
0.0907983705, 0.0200347156, 0.126856625, 0.00299057574
0.0907983705, 0.0217042789, 0.101435252, 0.0011170198

0.0907983705, 0, 0.0163360518, 0.00520579144
0.0907983705, 0.0016695559, 0.126186758, 0.003441368
0.0907983705, 0.0033391193, 0.292069077, -0.000600493047
0.0907983705, 0.0050086752, 0.327615678, -0.000343705498
0.0907983705, 0.0066782386, 0.339269608, 0.000754840032
0.0907983705, 0.0083477945, 0.34487474, -0.000373202318
0.0907983705, 0.0100173578, 0.346761406, 0.00210736389
0.0907983705, 0.0116869137, 0.355749369, 0.00316952495
0.0907983705, 0.0133564771, 0.350288928, 0.000856136612
0.0907983705, 0.015026033, 0.323174089, 0.00232230453
0.0907983705, 0.0166955963, 0.257770359, 0.00294224382
0.0907983705, 0.0183651522, 0.159464404, -0.00265290635
0.0907983705, 0.0200347156, 0.122873768, -0.00187568227
0.0907983705, 0.0217042789, 0.109334774, 0.00160711224

0.0907983705, 0, 0.0278392658, 0.0049764188
0.0907983705, 0.0016695559, 0.210728854, 0.00553388428
0.0907983705, 0.0033391193, 0.280739278, -0.00229733624
0.0907983705, 0.0050086752, 0.261892289, 0.00226320652
0.0907983705, 0.0066782386, 0.255619973, 0.00443056831
0.0907983705, 0.0083477945, 0.312704146, 0.0046237465
0.0907983705, 0.0100173578, 0.336357981, 0.00604682043
0.0907983705, 0.0116869137, 0.310623884, 0.00406603143
0.0907983705, 0.0133564771, 0.305546671, 0.00228174357
0.0907983705, 0.015026033, 0.304014146, -0.000346097047
0.0907983705, 0.0166955963, 0.263149887, -3.08429719e-07
0.0907983705, 0.0183651522, 0.159593836, 0.0030083179
0.0907983705, 0.0200347156, 0.0398444161, -0.00525678787
0.0907983705, 0.0217042789, 0.052716665, -0.00292887376

0.0907983705, 0, -0.002738012, 0.000958394899
0.0907983705, 0.0016695559, 0.0664963573, -0.00178789231
0.0907983705, 0.0033391193, 0.263778925, 0.00236670277
0.0907983705, 0.0050086752, 0.299521357, -0.000738598057
0.0907983705, 0.0066782386, 0.286425292, -0.00468648784
0.0907983705, 0.0083477945, 0.2986404, -0.00162448571
0.0907983705, 0.0100173578, 0.303802013, 0.00125548849
0.0907983705, 0.0116869137, 0.309533417, 0.00149184605
0.0907983705, 0.0133564771, 0.303218245, 0.00277747284
0.0907983705, 0.015026033, 0.281280607, 0.00477275997
0.0907983705, 0.0166955963, 0.260748088, 0.00803393405
0.0907983705, 0.0183651522, 0.204500347, 0.00561113004
0.0907983705, 0.0200347156, 0.0991530269, 0.00272957887
0.0907983705, 0.0217042789, 0.00777958846, 0.00163624319

0.0907983705, 0, 0.00772691332, 0.0036420864
0.0907983705, 0.0016695559, 0.100958459, 0.00439511705
0.0907983705, 0.0033391193, 0.21798718, 0.000525335199
0.0907983705, 0.0050086752, 0.258532375, -0.000726359896
0.0907983705, 0.0066782386, 0.264250129, -0.000294210069
0.0907983705, 0.0083477945, 0.271794796, -0.00286673126
0.0907983705, 0.0100173578, 0.272971958, -0.00241516787
0.0907983705, 0.0116869137, 0.271211892, 0.000310122094
0.0907983705, 0.0133564771, 0.274197668, 0.00260526617
0.0907983705, 0.015026033, 0.268548578, 0.00284338836
0.0907983705, 0.0166955963, 0.220557541, 0.00384300877
0.0907983705, 0.0183651522, 0.127327964, 0.00206949166
0.0907983705, 0.0200347156, 0.106335461, 0.00196328526
0.0907983705, 0.0217042789, 0.0971708521, 0.00291997846

0.0907983705, 0, 0.0177721325, 0.00330099324
0.0907983705, 0.0016695559, 0.143809676, 0.00120606238
0.0907983705, 0.0033391193, 0.2146267, -0.0044571599
0.0907983705, 0.0050086752, 0.240931392, -0.00441937801
0.0907983705, 0.0066782386, 0.24719435, -0.00190128223
0.0907983705, 0.0083477945, 0.252233356, 0.000723573961
0.0907983705, 0.0100173578, 0.253481358, 0.00330408523
0.0907983705, 0.0116869137, 0.264319301, 0.00113132526
0.0907983705, 0.0133564771, 0.260403901, 0.000880255597
0.0907983705, 0.015026033, 0.24602291, 0.00125918281
0.0907983705, 0.0166955963, 0.212610602, 0.00392601918
0.0907983705, 0.0183651522, 0.138660148, -0.000819611654
0.0907983705, 0.0200347156, 0.0859853923, -0.000478104746
0.0907983705, 0.0217042789, 0.0677168593, -8.11968566e-05

0.0907983705, 0, 0.0142522864, 0.00541801285
0.0907983705, 0.0016695559, 0.138132319, 0.00554810092
0.0907983705, 0.0033391193, 0.193349034, 0.00348558207
0.0907983705, 0.0050086752, 0.224497303, 0.00328066037
0.0907983705, 0.0066782386, 0.240290597, 0.00164156919
0.0907983705, 0.0083477945, 0.2440072, 0.00211851695
0.0907983705, 0.0100173578, 0.246398613, 0.00316864857
0.0907983705, 0.0116869137, 0.2455457, 0.00308201485
0.0907983705, 0.0133564771, 0.239322707, 0.000250812882
0.0907983705, 0.015026033, 0.224373952, -0.000627817819
0.0907983705, 0.0166955963, 0.17257534, -0.000446653896
0.0907983705, 0.0183651522, 0.10727638, 0.00025405307
0.0907983705, 0.0200347156, 0.10204079, 0.000579179497
0.0907983705, 0.0217042789, 0.0874521583, 0.00106307678

0.0907983705, 0, 0.0196110625, -3.32551208e-05
0.0907983705, 0.0016695559, 0.13739717, -0.000946637941
0.0907983705, 0.0033391193, 0.186516359, -0.000687721826
0.0907983705, 0.0050086752, 0.214440942, 0.00417750096
0.0907983705, 0.0066782386, 0.222833276, 0.00161057618
0.0907983705, 0.0083477945, 0.213531345, -0.00304211909
0.0907983705, 0.0100173578, 0.225582972, 0.00149892736
0.0907983705, 0.0116869137, 0.23287788, 0.00333599816
0.0907983705, 0.0133564771, 0.220034182, 0.00171215727
0.0907983705, 0.015026033, 0.199342385, 0.00165292702
0.0907983705, 0.0166955963, 0.17570132, 0.00193565001
0.0907983705, 0.0183651522, 0.134832934, 0.000468758226
0.0907983705, 0.0200347156, 0.107442684, 0.00339349965
0.0907983705, 0.0217042789, 0.0940025523, 0.00232421281

0.0907983705, 0, 0.0193454735, 0.00127241621
0.0907983705, 0.0016695559, 0.122148879, 0.0046801311
0.0907983705, 0.0033391193, 0.181580767, 0.0034604175
0.0907983705, 0.0050086752, 0.198324516, 0.00237675849
0.0907983705, 0.0066782386, 0.197849676, 0.00254730484
0.0907983705, 0.0083477945, 0.204486325, 0.00213619485
0.0907983705, 0.0100173578, 0.217474669, 0.00210493314
0.0907983705, 0.0116869137, 0.204518497, 0.000593509118
0.0907983705, 0.0133564771, 0.194316626, 0.00028008892
0.0907983705, 0.015026033, 0.189066648, 0.0006225775
0.0907983705, 0.0166955963, 0.163981482, 0.000450185413
0.0907983705, 0.0183651522, 0.116322964, -0.00121834606
0.0907983705, 0.0200347156, 0.0684256628, -0.000947371358
0.0907983705, 0.0217042789, 0.00309081515, -0.000525524316

0.0907983705, 0, 0.0095283417, 0.00280378503
0.0907983705, 0.0016695559, 0.109427728, 0.00290426426
0.0907983705, 0.0033391193, 0.164145485, 0.00143230532
0.0907983705, 0.0050086752, 0.184447944, 0.000482886826
0.0907983705, 0.0066782386, 0.186754212, 0.000842551643
0.0907983705, 0.0083477945, 0.187952682, 3.16486585e-05
0.0907983705, 0.0100173578, 0.185477972, -0.000859525462
0.0907983705, 0.0116869137, 0.187119544, -0.000513912528
0.0907983705, 0.0133564771, 0.185491592, 0.00090697885
0.0907983705, 0.015026033, 0.181736246, 0.00121839158
0.0907983705, 0.0166955963, 0.1565651, 0.000981597928
0.0907983705, 0.0183651522, 0.10930673, 0.000668007648
0.0907983705, 0.0200347156, 0.0807997957, -0.000567579933
0.0907983705, 0.0217042789, 0.0845871046, -0.00118083414

0.0907983705, 0, 0.0170013718, 0.00330942334
0.0907983705, 0.0016695559, 0.114224993, 0.00564466044
0.0907983705, 0.0033391193, 0.16017662, 0.000920356833
0.0907983705, 0.0050086752, 0.174868584, -0.00277460902
0.0907983705, 0.0066782386, 0.179772243, -0.00154909189
0.0907983705, 0.0083477945, 0.183995545, -0.000626977766
0.0907983705, 0.0100173578, 0.183778584, -0.000120906516
0.0907983705, 0.0116869137, 0.185060918, 0.00107435055
0.0907983705, 0.0133564771, 0.188228995, 0.0007120464
0.0907983705, 0.015026033, 0.175915852, 0.00153884431
0.0907983705, 0.0166955963, 0.142801136, 0.00287142466
0.0907983705, 0.0183651522, 0.0913510323, 0.000479787617
0.0907983705, 0.0200347156, 0.0991331488, -1.16903839e-05
0.0907983705, 0.0217042789, 0.108164437, -0.000406570267

0.0907983705, 0, 0.0107096955, 0.00387110468
0.0907983705, 0.0016695559, 0.092739597, 0.00542922225
0.0907983705, 0.0033391193, 0.154408634, -0.00152860349
0.0907983705, 0.0050086752, 0.17879796, 0.000442342076
0.0907983705, 0.0066782386, 0.175683349, 0.00247840118
0.0907983705, 0.0083477945, 0.168659166, 0.00235369988
0.0907983705, 0.0100173578, 0.173763901, 0.00435595959
0.0907983705, 0.0116869137, 0.175212234, 0.00148379581
0.0907983705, 0.0133564771, 0.170733496, -0.00131608604
0.0907983705, 0.015026033, 0.157381609, 0.00101270108
0.0907983705, 0.0166955963, 0.133237973, 0.00225299387
0.0907983705, 0.0183651522, 0.098136127, 0.000553444494
0.0907983705, 0.0200347156, 0.0482656658, 0.00111892133
0.0907983705, 0.0217042789, 0.0381659977, 0.00169832003

0.0907983705, 0, 0.0123333959, 0.00191863184
0.0907983705, 0.0016695559, 0.102303185, 0.00153198489
0.0907983705, 0.0033391193, 0.135908097, 0.000140370641
0.0907983705, 0.0050086752, 0.152526081, -0.00325943227
0.0907983705, 0.0066782386, 0.154924437, -0.00394097203
0.0907983705, 0.0083477945, 0.15329805, -0.00156597002
0.0907983705, 0.0100173578, 0.16223231, -0.00132678682
0.0907983705, 0.0116869137, 0.165211305, 0.00336379558
0.0907983705, 0.0133564771, 0.159271866, 0.00444202265
0.0907983705, 0.015026033, 0.154015154, 0.00135688891
0.0907983705, 0.0166955963, 0.134094864, 0.00101662427
0.0907983705, 0.0183651522, 0.100346245, 0.00211998122
0.0907983705, 0.0200347156, 0.0717196092, 0.00170383847
0.0907983705, 0.0217042789, 0.0511790849, 0.000836193911

0.0907983705, 0, 0.0198366884, 0.00235051196
0.0907983705, 0.0016695559, 0.108531356, 0.00139665941
0.0907983705, 0.0033391193, 0.137208968, 0.00186271768
0.0907983705, 0.0050086752, 0.140788034, -0.000601817097
0.0907983705, 0.0066782386, 0.145418867, -0.00126289623
0.0907983705, 0.0083477945, 0.147534117, 0.000816213549
0.0907983705, 0.0100173578, 0.143559605, 0.00180748722
0.0907983705, 0.0116869137, 0.145716026, 0.0023416644
0.0907983705, 0.0133564771, 0.139963686, 0.00149142917
0.0907983705, 0.015026033, 0.128284693, 0.000162718497
0.0907983705, 0.0166955963, 0.121226706, 0.00200314238
0.0907983705, 0.0183651522, 0.0843194276, -0.000164034034
0.0907983705, 0.0200347156, 0.0614826642, 0.00096498942
0.0907983705, 0.0217042789, 0.0302525535, 0.00164196931

0.0907983705, 0, 0.0149862738, 0.00116445171
0.0907983705, 0.0016695559, 0.0882066041, 0.00332197337
0.0907983705, 0.0033391193, 0.117220029, 0.00253674202
0.0907983705, 0.0050086752, 0.130798385, 0.00258591049
0.0907983705, 0.0066782386, 0.137847826, 0.000966875756
0.0907983705, 0.0083477945, 0.138890505, -1.09858765e-05
0.0907983705, 0.0100173578, 0.140308335, 0.00272831251
0.0907983705, 0.0116869137, 0.142242551, 0.00250004325
0.0907983705, 0.0133564771, 0.138525754, 0.00267289602
0.0907983705, 0.015026033, 0.131450519, 0.00356560806
0.0907983705, 0.0166955963, 0.113468304, 0.00261662435
0.0907983705, 0.0183651522, 0.070915319, 0.000602966524
0.0907983705, 0.0200347156, 0.0453183725, -0.000875916739
0.0907983705, 0.0217042789, 0.0327760726, -2.89216905e-06

0.0908040106, 6.4448e-06, 0.00680988887, 0.00233791978
0.0908040106, 0.0016761125, 0.083591722, 0.00119880599
0.0908040106, 0.0033457727, 0.116218723, 0.000318986567
0.0908040106, 0.0050154403, 0.124628052, -0.000348535948
0.0908040106, 0.0066851005, 0.121230789, 0.000407987332
0.0908040106, 0.0083547682, 0.119274184, 0.000804155134
0.0908040106, 0.0100244284, 0.117633991, 0.0010712028
0.0908040106, 0.0116940886, 0.116022654, 0.00127517106
0.0908040106, 0.0133637563, 0.114379428, 0.00142982358
0.0908040106, 0.0150334165, 0.112700909, 0.00153885456
0.0908040106, 0.0167030842, 0.110876784, 0.00169749686
0.0908040106, 0.0183727444, 0.0793184117, 0.00227615097
0.0908040106, 0.020042412, 0.0721997097, -0.00304284831
0.0908040106, 0.0217120722, 0.000450870168, -9.98806499e-05

0.0908040106, 6.4448e-06, 0.0040561487, 0.00143101567
0.0908040106, 0.0016761125, 0.0775716603, 0.00160888559
0.0908040106, 0.0033457727, 0.114767775, 0.00216420065
0.0908040106, 0.0050154403, 0.120756276, 0.00151746324
0.0908040106, 0.0066851005, 0.123332269, 0.00135718216
0.0908040106, 0.0083547682, 0.126021862, -0.000442466204
0.0908040106, 0.0100244284, 0.123290896, -3.80501078e-05
0.0908040106, 0.0116940886, 0.124631904, 0.00186348706
0.0908040106, 0.0133637563, 0.127210215, 0.000787893659
0.0908040106, 0.0150334165, 0.124411419, 0.000435703958
0.0908040106, 0.0167030842, 0.105441049, 0.000845086353
0.0908040106, 0.0183727444, 0.0634465814, 0.000375181844
0.0908040106, 0.020042412, 0.053495612, 0.000577506435
0.0908040106, 0.0217120722, 0.0335318036, 0.00156949856

0.0908040106, 6.4448e-06, 0.00631052908, 0.00278981333
0.0908040106, 0.0016761125, 0.0824461281, 0.00355071598
0.0908040106, 0.0033457727, 0.104092896, 0.00215416332
0.0908040106, 0.0050154403, 0.115357451, 0.000792222971
0.0908040106, 0.0066851005, 0.119310916, 0.000291067117
0.0908040106, 0.0083547682, 0.118723288, -0.000160711032
0.0908040106, 0.0100244284, 0.119254947, 0.00111821701
0.0908040106, 0.0116940886, 0.12235447, 0.00126312324
0.0908040106, 0.0133637563, 0.12298321, 0.00120202766
0.0908040106, 0.0150334165, 0.114766441, 0.00164844503
0.0908040106, 0.0167030842, 0.0964746699, 0.000801418268
0.0908040106, 0.0183727444, 0.0576895624, 0.000231924845
0.0908040106, 0.020042412, 0.0421289466, 0.00018548542
0.0908040106, 0.0217120722, 0.0227285828, -0.000634947559

0.0908040106, 6.4448e-06, 0.00641959766, 0.00186490896
0.0908040106, 0.0016761125, 0.0827045813, 0.00183895708
0.0908040106, 0.0033457727, 0.101935103, 0.000469191174
0.0908040106, 0.0050154403, 0.111081466, 0.000356540346
0.0908040106, 0.0066851005, 0.112615347, 0.00367635489
0.0908040106, 0.0083547682, 0.114059769, 0.0027392609
0.0908040106, 0.0100244284, 0.116507672, 0.000386404368
0.0908040106, 0.0116940886, 0.117054574, 0.000981433317
0.0908040106, 0.0133637563, 0.116554916, 0.000321636646
0.0908040106, 0.0150334165, 0.107251003, 0.00119022466
0.0908040106, 0.0167030842, 0.0929061398, 0.00130859634
0.0908040106, 0.0183727444, 0.0658827946, -0.00113309163
0.0908040106, 0.020042412, 0.0464572161, -0.000426663784
0.0908040106, 0.0217120722, 0.0319738835, 0.000444466772

0.0908040106, 6.4448e-06, 0.00452666311, 0.00125574646
0.0908040106, 0.0016761125, 0.0759884194, 0.00208086497
0.0908040106, 0.0033457727, 0.0930575654, 0.00300604734
0.0908040106, 0.0050154403, 0.102822714, 0.00346868462
0.0908040106, 0.0066851005, 0.112958327, 0.00149658625
0.0908040106, 0.0083547682, 0.11722061, 0.00109050144
0.0908040106, 0.0100244284, 0.110562988, -0.0010757274
0.0908040106, 0.0116940886, 0.110100426, -0.000415857299
0.0908040106, 0.0133637563, 0.110079713, 0.00119445752
0.0908040106, 0.0150334165, 0.103670277, 0.00131866767
0.0908040106, 0.0167030842, 0.0926503167, -3.86064457e-05
0.0908040106, 0.0183727444, 0.067648232, 0.00199460867
0.0908040106, 0.020042412, 0.0356617011, 0.0023756884
0.0908040106, 0.0217120722, 0.0502375029, 0.00178854936

0.0908040106, 6.4448e-06, 0.00675410871, 0.0016648937
0.0908040106, 0.0016761125, 0.0616966635, 0.00161491439
0.0908040106, 0.0033457727, 0.0896491185, 0.0008685051
0.0908040106, 0.0050154403, 0.0998062491, -5.87525829e-05
0.0908040106, 0.0066851005, 0.100021295, 0.001007137
0.0908040106, 0.0083547682, 0.102805868, 0.00122392119
0.0908040106, 0.0100244284, 0.10420952, -0.000499747286
0.0908040106, 0.0116940886, 0.10187161, 0.000680037367
0.0908040106, 0.0133637563, 0.0990319103, 0.00156176859
0.0908040106, 0.0150334165, 0.0969940498, 0.00100185408
0.0908040106, 0.0167030842, 0.0856332853, 0.000991103938
0.0908040106, 0.0183727444, 0.0584512875, -4.45507867e-05
0.0908040106, 0.020042412, 0.046052739, -0.000615354278
0.0908040106, 0.0217120722, 0.0515438616, 0.000943459978

0.0908040106, 6.4448e-06, 0.00233287644, 0.00114153977
0.0908040106, 0.0016761125, 0.0547175556, -0.000302135159
0.0908040106, 0.0033457727, 0.085383825, -0.00164369575
0.0908040106, 0.0050154403, 0.0948795378, -0.000199123591
0.0908040106, 0.0066851005, 0.0953243896, -0.00060748402
0.0908040106, 0.0083547682, 0.097935006, -0.00177374797
0.0908040106, 0.0100244284, 0.0982104838, -0.00187236885
0.0908040106, 0.0116940886, 0.0956359431, 0.00120529765
0.0908040106, 0.0133637563, 0.0934953764, 0.00216252566
0.0908040106, 0.0150334165, 0.0924871489, 0.00148517999
0.0908040106, 0.0167030842, 0.0813782141, 0.0012865332
0.0908040106, 0.0183727444, 0.0612409338, -0.0018924044
0.0908040106, 0.020042412, 0.0523247234, -0.00158008933
0.0908040106, 0.0217120722, 0.0541642942, 0.00028969557

0.0908040106, 6.4448e-06, 0.0016420309, 0.00174358813
0.0908040106, 0.0016761125, 0.0513583198, 0.0013108718
0.0908040106, 0.0033457727, 0.0824469179, 0.000582519511
0.0908040106, 0.0050154403, 0.0918357968, 0.000602452667
0.0908040106, 0.0066851005, 0.0912739634, 0.00161349832
0.0908040106, 0.0083547682, 0.093578361, 6.92331596e-05
0.0908040106, 0.0100244284, 0.0940442532, -0.000603354128
0.0908040106, 0.0116940886, 0.0936963707, 0.000386853295
0.0908040106, 0.0133637563, 0.0932337046, 0.000525934389
0.0908040106, 0.0150334165, 0.0933546573, 0.00110893475
0.0908040106, 0.0167030842, 0.0801356286, 0.00237060571
0.0908040106, 0.0183727444, 0.0560918376, 0.00248182518
0.0908040106, 0.020042412, 0.0514365397, -5.07767945e-05
0.0908040106, 0.0217120722, 0.0548420623, -0.000611048075

0.0908040106, 6.4448e-06, 0.0060790712, 0.00092099834
0.0908040106, 0.0016761125, 0.0598981455, 0.00101437606
0.0908040106, 0.0033457727, 0.0831288397, 0.000725498598
0.0908040106, 0.0050154403, 0.0903973505, 0.000738027971
0.0908040106, 0.0066851005, 0.0906673074, 0.00245281192
0.0908040106, 0.0083547682, 0.0907324478, 0.0016250991
0.0908040106, 0.0100244284, 0.089174971, -0.000311858981
0.0908040106, 0.0116940886, 0.0902592316, 0.000821025111
0.0908040106, 0.0133637563, 0.0902184472, 0.000181567419
0.0908040106, 0.0150334165, 0.0871135518, 0.000541934394
0.0908040106, 0.0167030842, 0.0730740577, 0.000725040561
0.0908040106, 0.0183727444, 0.0448233672, -0.00126072008
0.0908040106, 0.020042412, 0.0315761901, -0.000968014589
0.0908040106, 0.0217120722, 0.0300363395, -0.000944599393

0.0908040106, 6.4448e-06, 0.00750913424, 0.000901727239
0.0908040106, 0.0016761125, 0.0601929463, 0.000888013979
0.0908040106, 0.0033457727, 0.0813142434, -0.000545965042
0.0908040106, 0.0050154403, 0.088481456, -0.00144730322
0.0908040106, 0.0066851005, 0.0876255855, -0.000845441653
0.0908040106, 0.0083547682, 0.0878892094, 0.000647764129
0.0908040106, 0.0100244284, 0.0852825344, 0.00239776121
0.0908040106, 0.0116940886, 0.0855160356, 0.00239117187
0.0908040106, 0.0133637563, 0.0863158405, 0.000567818526
0.0908040106, 0.0150334165, 0.0832779705, 0.000392055052
0.0908040106, 0.0167030842, 0.0703977943, -0.000435193448
0.0908040106, 0.0183727444, 0.0524988696, 0.000195854183
0.0908040106, 0.020042412, 0.0446455777, 0.000816173211
0.0908040106, 0.0217120722, 0.0455714501, 0.00141645642

0.0908040106, 6.4448e-06, 0.00612554699, 0.00114875485
0.0908040106, 0.0016761125, 0.0570926703, 0.000169509454
0.0908040106, 0.0033457727, 0.0709838271, 0.00119192048
0.0908040106, 0.0050154403, 0.0760548562, 0.00230622827
0.0908040106, 0.0066851005, 0.079718113, 0.00131810456
0.0908040106, 0.0083547682, 0.0849310681, 0.00021290491
0.0908040106, 0.0100244284, 0.0859927163, -0.000289171585
0.0908040106, 0.0116940886, 0.0868437439, -0.0010842873
0.0908040106, 0.0133637563, 0.0875524059, 0.000135323513
0.0908040106, 0.0150334165, 0.0816841647, 0.00114070647
0.0908040106, 0.0167030842, 0.0647470728, 0.000664689578
0.0908040106, 0.0183727444, 0.0395067371, -0.000935570511
0.0908040106, 0.020042412, 0.036515899, -0.000239823625
0.0908040106, 0.0217120722, 0.0358515233, -0.000121481586

0.0908040106, 6.4448e-06, 0.010315733, 0.000779708323
0.0908040106, 0.0016761125, 0.055174496, 0.000148456806
0.0908040106, 0.0033457727, 0.0681349188, 0.00177190511
0.0908040106, 0.0050154403, 0.0709759667, -0.00113614311
0.0908040106, 0.0066851005, 0.0754833892, -0.00174577406
0.0908040106, 0.0083547682, 0.0793189555, -0.000585351954
0.0908040106, 0.0100244284, 0.0790414885, 0.000488772406
0.0908040106, 0.0116940886, 0.0833597779, 0.000651757815
0.0908040106, 0.0133637563, 0.0823707432, -0.000109979868
0.0908040106, 0.0150334165, 0.0754557848, 0.000442427234
0.0908040106, 0.0167030842, 0.065270856, 0.00170490367
0.0908040106, 0.0183727444, 0.0435046181, 0.00192949583
0.0908040106, 0.020042412, 0.0186038818, 0.000975102303
0.0908040106, 0.0217120722, 0.00767514436, 0.00167857471

0.0908040106, 6.4448e-06, 0.0068217502, 3.33446878e-05
0.0908040106, 0.0016761125, 0.052891273, -0.000860815751
0.0908040106, 0.0033457727, 0.0686102435, 0.000163539531
0.0908040106, 0.0050154403, 0.0727776214, -0.000958414341
0.0908040106, 0.0066851005, 0.0687434748, 4.58923023e-05
0.0908040106, 0.0083547682, 0.0682525933, 0.0014070844
0.0908040106, 0.0100244284, 0.0713625178, -0.000597318984
0.0908040106, 0.0116940886, 0.071953617, -0.000752342865
0.0908040106, 0.0133637563, 0.0725212395, 0.000517160748
0.0908040106, 0.0150334165, 0.0678491294, 0.000819240522
0.0908040106, 0.0167030842, 0.0631653741, 0.00104893639
0.0908040106, 0.0183727444, 0.0497903153, 0.00170850079
0.0908040106, 0.020042412, 0.0271095335, 0.00119292468
0.0908040106, 0.0217120722, 0.0200168844, 0.000462935801

0.0908040106, 6.4448e-06, 0.00481973588, 0.000582181674
0.0908040106, 0.0016761125, 0.053048145, -0.00114779919
0.0908040106, 0.0033457727, 0.0625222921, -0.00188039977
0.0908040106, 0.0050154403, 0.0663792193, 0.00108723761
0.0908040106, 0.0066851005, 0.0675580651, 0.000978665193
0.0908040106, 0.0083547682, 0.0685575381, -0.000601604057
0.0908040106, 0.0100244284, 0.066876173, 0.00162375532
0.0908040106, 0.0116940886, 0.0670838356, 0.00203008437
0.0908040106, 0.0133637563, 0.0690372586, 0.00182362902
0.0908040106, 0.0150334165, 0.0658520535, 0.000307895272
0.0908040106, 0.0167030842, 0.0623352677, 0.000442706194
0.0908040106, 0.0183727444, 0.0480186418, 0.000514449144
0.0908040106, 0.020042412, 0.0247650053, -2.34888503e-05
0.0908040106, 0.0217120722, 0.022910146, -0.000839342072

0.0908040106, 6.4448e-06, 0.00591011438, 0.000783316791
0.0908040106, 0.0016761125, 0.0536037981, -0.000451782107
0.0908040106, 0.0033457727, 0.0628995597, -0.00238900236
0.0908040106, 0.0050154403, 0.0638752803, -0.000775728258
0.0908040106, 0.0066851005, 0.0640835166, 0.000380287092
0.0908040106, 0.0083547682, 0.0643740073, 0.000484269636
0.0908040106, 0.0100244284, 0.0647095069, 0.000668574066
0.0908040106, 0.0116940886, 0.0674887001, 0.000448067993
0.0908040106, 0.0133637563, 0.0673825666, -0.000280463079
0.0908040106, 0.0150334165, 0.0661817044, -0.000659032608
0.0908040106, 0.0167030842, 0.0610239692, -0.000703264901
0.0908040106, 0.0183727444, 0.0395210199, -0.00195940351
0.0908040106, 0.020042412, 0.0242061056, -0.0015521911
0.0908040106, 0.0217120722, 0.0261451025, -0.000227211058

0.0908040106, 6.4448e-06, 0.00377570139, 0.000786150922
0.0908040106, 0.0016761125, 0.050539922, 0.000886068272
0.0908040106, 0.0033457727, 0.0603005327, -0.000321935018
0.0908040106, 0.0050154403, 0.0651605427, -0.000581914675
0.0908040106, 0.0066851005, 0.0653602257, 0.00033850249
0.0908040106, 0.0083547682, 0.0647156388, 0.000515522785
0.0908040106, 0.0100244284, 0.0649790615, 0.00116140186
0.0908040106, 0.0116940886, 0.0645974353, 0.00172909675
0.0908040106, 0.0133637563, 0.0640249252, 0.000482435455
0.0908040106, 0.0150334165, 0.0625334829, 0.000478431641
0.0908040106, 0.0167030842, 0.0600069165, 0.00166937639
0.0908040106, 0.0183727444, 0.0455246568, 0.00231754291
0.0908040106, 0.020042412, 0.0263011716, 0.00241219089
0.0908040106, 0.0217120722, 0.0233481042, -0.000137673225

0.0908040106, 6.4448e-06, 0.00466210069, 0.00213739532
0.0908040106, 0.0016761125, 0.0492534824, 0.000592151598
0.0908040106, 0.0033457727, 0.0601545349, 0.000341084524
0.0908040106, 0.0050154403, 0.0635828525, 0.000393145019
0.0908040106, 0.0066851005, 0.062413875, -0.000293525343
0.0908040106, 0.0083547682, 0.0625891313, 3.91637186e-05
0.0908040106, 0.0100244284, 0.0640887246, 0.00105784345
0.0908040106, 0.0116940886, 0.0629255027, 0.000580180262
0.0908040106, 0.0133637563, 0.0626887605, 0.000131076347
0.0908040106, 0.0150334165, 0.0608173832, 0.000948205299
0.0908040106, 0.0167030842, 0.0566058122, 0.000967985427
0.0908040106, 0.0183727444, 0.041175656, 0.000240468056
0.0908040106, 0.020042412, 0.03270128, -0.000455347123
0.0908040106, 0.0217120722, 0.0206850879, -0.00135533453

0.0908040106, 6.4448e-06, 0.00580307003, 0.00128022768
0.0908040106, 0.0016761125, 0.0460315123, 0.00204900466
0.0908040106, 0.0033457727, 0.0591522716, 0.00158981618
0.0908040106, 0.0050154403, 0.0627624392, 0.000356220844
0.0908040106, 0.0066851005, 0.062588051, 0.000200994342
0.0908040106, 0.0083547682, 0.062180046, 0.000404670951
0.0908040106, 0.0100244284, 0.061407201, -5.95704914e-05
0.0908040106, 0.0116940886, 0.0615285598, -0.000579529616
0.0908040106, 0.0133637563, 0.0609762073, -0.000549918099
0.0908040106, 0.0150334165, 0.0615343005, -0.000385256397
0.0908040106, 0.0167030842, 0.055253759, 0.00133515883
0.0908040106, 0.0183727444, 0.0364056341, 0.00295470143
0.0908040106, 0.020042412, 0.0262213871, 0.00106503372
0.0908040106, 0.0217120722, 0.0213494599, 0.000174651708

0.0908040106, 6.4448e-06, 0.0061575342, 0.000289677875
0.0908040106, 0.0016761125, 0.0369405933, 0.000620818057
0.0908040106, 0.0033457727, 0.0557482652, 0.00100508286
0.0908040106, 0.0050154403, 0.0616863743, 0.00042389048
0.0908040106, 0.0066851005, 0.060915228, 8.24512899e-05
0.0908040106, 0.0083547682, 0.0607788488, 0.000156265596
0.0908040106, 0.0100244284, 0.0615993142, 0.00150496094
0.0908040106, 0.0116940886, 0.0609739497, 0.00101260305
0.0908040106, 0.0133637563, 0.0595406294, 0.000185645375
0.0908040106, 0.0150334165, 0.0614706762, 0.000144239704
0.0908040106, 0.0167030842, 0.053794425, 0.000170150786
0.0908040106, 0.0183727444, 0.0324869268, 0.00036558276
0.0908040106, 0.020042412, 0.023459563, 0.000268037227
0.0908040106, 0.0217120722, 0.0167281069, 0.000665081316

0.0908040106, 6.4448e-06, 0.00486356253, 0.000286324561
0.0908040106, 0.0016761125, 0.0418363437, 0.00153952255
0.0908040106, 0.0033457727, 0.0523889773, 0.000168795028
0.0908040106, 0.0050154403, 0.0566546619, 0.000451497093
0.0908040106, 0.0066851005, 0.0582425371, 1.73985754e-05
0.0908040106, 0.0083547682, 0.0587323159, 0.000154915629
0.0908040106, 0.0100244284, 0.0592982992, 0.000506008684
0.0908040106, 0.0116940886, 0.0600254312, 0.000416643365
0.0908040106, 0.0133637563, 0.0599118732, 0.0014877147
0.0908040106, 0.0150334165, 0.0587275885, 0.00101812172
0.0908040106, 0.0167030842, 0.0481104851, 0.00168825593
0.0908040106, 0.0183727444, 0.0334869698, 0.00216648867
0.0908040106, 0.020042412, 0.028620746, -0.000256621308
0.0908040106, 0.0217120722, 0.0289958436, -0.000502040086

0.0908040106, 6.4448e-06, 0.00402574148, 0.000125422448
0.0908040106, 0.0016761125, 0.0300787427, -0.00131699513
0.0908040106, 0.0033457727, 0.0496350266, -0.00254891161
0.0908040106, 0.0050154403, 0.0596767366, -0.00127577945
0.0908040106, 0.0066851005, 0.060579177, 0.000326693815
0.0908040106, 0.0083547682, 0.0592315234, 0.000111378075
0.0908040106, 0.0100244284, 0.057976041, 0.00121337699
0.0908040106, 0.0116940886, 0.0574495606, 0.00136178476
0.0908040106, 0.0133637563, 0.0566133633, 0.000117022966
0.0908040106, 0.0150334165, 0.0566724129, 0.000540343579
0.0908040106, 0.0167030842, 0.0501515418, -0.000649772177
0.0908040106, 0.0183727444, 0.0331765674, -0.000731952547
0.0908040106, 0.020042412, 0.0280798897, -0.000132873611
0.0908040106, 0.0217120722, 0.0259927586, 8.15410458e-05

0.0908040106, 6.4448e-06, 0.00434528617, 0.00111887627
0.0908040106, 0.0016761125, 0.0378102996, 0.00166468241
0.0908040106, 0.0033457727, 0.0536476374, 0.00219067279
0.0908040106, 0.0050154403, 0.0568983741, 0.00144532172
0.0908040106, 0.0066851005, 0.0540301353, 0.00068688317
0.0908040106, 0.0083547682, 0.0547584854, -0.00126050145
0.0908040106, 0.0100244284, 0.056967061, -0.000892726995
0.0908040106, 0.0116940886, 0.0585186891, 0.000193937653
0.0908040106, 0.0133637563, 0.0600198619, 0.000485050317
0.0908040106, 0.0150334165, 0.0575184599, 0.00107713917
0.0908040106, 0.0167030842, 0.0434406735, 0.0021424396
0.0908040106, 0.0183727444, 0.027922526, 0.00187175721
0.0908040106, 0.020042412, 0.024067143, -0.000194250009
0.0908040106, 0.0217120722, 0.0156982522, 0.000413842936

0.0908040106, 6.4448e-06, 0.00538551761, 0.000793357671
0.0908040106, 0.0016761125, 0.0361920781, 0.000944946078
0.0908040106, 0.0033457727, 0.0493155047, 0.0010538497
0.0908040106, 0.0050154403, 0.0568668433, 0.00112366874
0.0908040106, 0.0066851005, 0.0536120608, -0.00183613202
0.0908040106, 0.0083547682, 0.0529276207, -0.00312271295
0.0908040106, 0.0100244284, 0.0535824373, -0.000893862161
0.0908040106, 0.0116940886, 0.0555319227, -0.000491589599
0.0908040106, 0.0133637563, 0.0571152158, 0.000817729102
0.0908040106, 0.0150334165, 0.0523803644, 0.00131861609
0.0908040106, 0.0167030842, 0.0409071408, 0.000368064561
0.0908040106, 0.0183727444, 0.0293322615, -0.000353681826
0.0908040106, 0.020042412, 0.0268681254, 0.000694215531
0.0908040106, 0.0217120722, 0.0275575388, -0.000817796507

0.0908040106, 6.4448e-06, 0.00306054484, 0.000210738057
0.0908040106, 0.0016761125, 0.0333284624, 0.000131250941
0.0908040106, 0.0033457727, 0.0501322709, -0.000651708688
0.0908040106, 0.0050154403, 0.0555534139, -0.000306051079
0.0908040106, 0.0066851005, 0.0508948751, -1.11018053e-05
0.0908040106, 0.0083547682, 0.0514116175, 0.00149608671
0.0908040106, 0.0100244284, 0.0565459691, 0.00193692301
0.0908040106, 0.0116940886, 0.0503695682, 0.000379075151
0.0908040106, 0.0133637563, 0.0505003184, 0.000599171966
0.0908040106, 0.0150334165, 0.0526713096, -0.00079468271
0.0908040106, 0.0167030842, 0.0410795212, -0.000805366202
0.0908040106, 0.0183727444, 0.0265252013, 0.000524507952
0.0908040106, 0.020042412, 0.0203706641, 5.43807473e-05
0.0908040106, 0.0217120722, 0.019839609, -0.00015065771

0.0908040106, 6.4448e-06, 0.00613616314, 0.000476861402
0.0908040106, 0.0016761125, 0.0279112738, 0.0012100914
0.0908040106, 0.0033457727, 0.0390395857, -0.00213878974
0.0908040106, 0.0050154403, 0.0461470522, -0.000859110558
0.0908040106, 0.0066851005, 0.04820868, 0.00128438394
0.0908040106, 0.0083547682, 0.0514180362, 0.000300275977
0.0908040106, 0.0100244284, 0.0503431261, -0.000215801381
0.0908040106, 0.0116940886, 0.0425306298, -0.000381274935
0.0908040106, 0.0133637563, 0.0510787182, -0.000989865512
0.0908040106, 0.0150334165, 0.0510694757, 0.000229787212
0.0908040106, 0.0167030842, 0.040810138, 0.00180751353
0.0908040106, 0.0183727444, 0.0289088078, -0.000199564311
0.0908040106, 0.020042412, 0.022543177, -0.000723262667
0.0908040106, 0.0217120722, 0.0157499537, -0.000114867631

0.0908040106, 6.4448e-06, 0.00262054405, -0.000188210251
0.0908040106, 0.0016761125, 0.0281454008, -0.00115781592
0.0908040106, 0.0033457727, 0.0392539836, -0.000768653874
0.0908040106, 0.0050154403, 0.0468291677, -0.000546711846
0.0908040106, 0.0066851005, 0.0445512459, -0.000469049439
0.0908040106, 0.0083547682, 0.043497514, -0.000917343365
0.0908040106, 0.0100244284, 0.0492951348, -0.000829322787
0.0908040106, 0.0116940886, 0.0527797453, -3.56543023e-05
0.0908040106, 0.0133637563, 0.0515438207, 0.000552693265
0.0908040106, 0.0150334165, 0.0466452241, 0.00287414668
0.0908040106, 0.0167030842, 0.0395020954, 0.00294649904
0.0908040106, 0.0183727444, 0.0326243676, -0.000513113802
0.0908040106, 0.020042412, 0.0266706981, -0.00165405416
0.0908040106, 0.0217120722, 0.0197698008, -0.00301586022

0.0908040106, 6.4448e-06, 0.00468625361, 0.000199008442
0.0908040106, 0.0016761125, 0.0257960502, 0.000756686612
0.0908040106, 0.0033457727, 0.0368838087, 0.00196014345
0.0908040106, 0.0050154403, 0.0417080782, 0.000848463213
0.0908040106, 0.0066851005, 0.0462260321, 0.000312512624
0.0908040106, 0.0083547682, 0.0477306582, -0.000931255578
0.0908040106, 0.0100244284, 0.0459713638, -0.00159399235
0.0908040106, 0.0116940886, 0.0506343022, 0.00340520055
0.0908040106, 0.0133637563, 0.0460228436, 0.00174438092
0.0908040106, 0.0150334165, 0.0397307873, 0.000895982201
0.0908040106, 0.0167030842, 0.0362382941, 0.000418317097
0.0908040106, 0.0183727444, 0.0301118735, 9.00045125e-05
0.0908040106, 0.020042412, 0.0230806321, 0.000217825305
0.0908040106, 0.0217120722, 0.0105392449, -5.35169638e-05

0.0908040106, 6.4448e-06, 0.00328058214, 0.000666761829
0.0908040106, 0.0016761125, 0.0279843826, 0.000297582359
0.0908040106, 0.0033457727, 0.0426234566, -0.000102122744
0.0908040106, 0.0050154403, 0.0447359271, 0.000331644027
0.0908040106, 0.0066851005, 0.0411770493, 0.000962398888
0.0908040106, 0.0083547682, 0.0429254584, 0.00118770753
0.0908040106, 0.0100244284, 0.0410682708, 0.00287133432
0.0908040106, 0.0116940886, 0.0376201756, 0.00322357146
0.0908040106, 0.0133637563, 0.0402679704, 0.00318627455
0.0908040106, 0.0150334165, 0.0406237654, 0.00134102639
0.0908040106, 0.0167030842, 0.0358284637, 0.000450762629
0.0908040106, 0.0183727444, 0.0286868419, 0.000577643688
0.0908040106, 0.020042412, 0.0224847067, 0.000289342483
0.0908040106, 0.0217120722, 0.018836882, -0.000770480488

0.0908040106, 6.4448e-06, 0.00273807347, 0.000220116315
0.0908040106, 0.0016761125, 0.0305562243, 0.000806008815
0.0908040106, 0.0033457727, 0.0387154296, 0.00106848392
0.0908040106, 0.0050154403, 0.0397323668, -0.000176317815
0.0908040106, 0.0066851005, 0.0398639962, 0.000500064343
0.0908040106, 0.0083547682, 0.0401377268, -1.39736858e-05
0.0908040106, 0.0100244284, 0.0444926582, -0.00312056625
0.0908040106, 0.0116940886, 0.0458210781, -0.000366680353
0.0908040106, 0.0133637563, 0.0410746075, -0.00180452748
0.0908040106, 0.0150334165, 0.0384780765, -0.002305815
0.0908040106, 0.0167030842, 0.0355031937, 0.000766391575
0.0908040106, 0.0183727444, 0.0299252886, 0.00194794999
0.0908040106, 0.020042412, 0.0206303038, -0.000755399407
0.0908040106, 0.0217120722, 0.0121349189, -0.00255640945

0.0908040106, 6.4448e-06, 0.00210519065, -0.000474790722
0.0908040106, 0.0016761125, 0.0275484696, -0.000732646789
0.0908040106, 0.0033457727, 0.0342706144, 0.000771750463
0.0908040106, 0.0050154403, 0.0348404236, -0.000416905386
0.0908040106, 0.0066851005, 0.0357058458, -9.18535443e-05
0.0908040106, 0.0083547682, 0.0395585224, 0.00128531188
0.0908040106, 0.0100244284, 0.0407142751, 0.00176421693
0.0908040106, 0.0116940886, 0.037036594, 0.00249140034
0.0908040106, 0.0133637563, 0.0366036408, 0.00160241616
0.0908040106, 0.0150334165, 0.0359479561, 0.00101701787
0.0908040106, 0.0167030842, 0.0343260579, 0.000801459362
0.0908040106, 0.0183727444, 0.029524928, 0.000268696691
0.0908040106, 0.020042412, 0.0193485264, 0.000732710294
0.0908040106, 0.0217120722, 0.0141587379, -1.32486748e-05

0.0908040106, 6.4448e-06, 0.00544218114, 0.000321715546
0.0908040106, 0.0016761125, 0.0268919971, 0.00092790724
0.0908040106, 0.0033457727, 0.0320641138, 0.00138064288
0.0908040106, 0.0050154403, 0.0344184227, 0.000557251857
0.0908040106, 0.0066851005, 0.0352868363, -3.35094555e-05
0.0908040106, 0.0083547682, 0.0362982377, 0.0004753377
0.0908040106, 0.0100244284, 0.036205072, 0.00102643657
0.0908040106, 0.0116940886, 0.0346223041, 0.00145264936
0.0908040106, 0.0133637563, 0.0363093428, -4.4274766e-05
0.0908040106, 0.0150334165, 0.0357017629, -0.00160755054
0.0908040106, 0.0167030842, 0.0318034403, -0.000243194823
0.0908040106, 0.0183727444, 0.0256626457, 0.000993821886
0.0908040106, 0.020042412, 0.0186064281, 0.00151128264
0.0908040106, 0.0217120722, 0.0102403508, 0.0010001827

0.0908040106, 6.4448e-06, 0.00253908429, -0.000183621087
0.0908040106, 0.0016761125, 0.0253879037, 0.000516438216
0.0908040106, 0.0033457727, 0.0315203406, 0.000698429591
0.0908040106, 0.0050154403, 0.0325795002, 0.00122538558
0.0908040106, 0.0066851005, 0.0329691507, 0.00085711095
0.0908040106, 0.0083547682, 0.0332894474, -0.000256466999
0.0908040106, 0.0100244284, 0.0350517817, 0.000573018857
0.0908040106, 0.0116940886, 0.0379178114, 0.000994757866
0.0908040106, 0.0133637563, 0.0376732051, 0.000750311185
0.0908040106, 0.0150334165, 0.0354615934, 0.000397578377
0.0908040106, 0.0167030842, 0.0333109126, -1.62815049e-05
0.0908040106, 0.0183727444, 0.0293258671, 0.000102337333
0.0908040106, 0.020042412, 0.0227616094, -0.00203089812
0.0908040106, 0.0217120722, 0.022761954, -0.00128042162

0.0908040106, 6.4448e-06, 0.00498550339, 0.000123124715
0.0908040106, 0.0016761125, 0.0250007231, 0.000642127823
0.0908040106, 0.0033457727, 0.0321654752, -0.00102191372
0.0908040106, 0.0050154403, 0.0331577621, -0.00211579283
0.0908040106, 0.0066851005, 0.0342573822, -0.00107651367
0.0908040106, 0.0083547682, 0.0357694365, 0.000801534275
0.0908040106, 0.0100244284, 0.0358769521, 0.0022025425
0.0908040106, 0.0116940886, 0.0368926711, 0.00219578552
0.0908040106, 0.0133637563, 0.0367554314, 0.0017837882
0.0908040106, 0.0150334165, 0.0341180787, 0.000732199638
0.0908040106, 0.0167030842, 0.0321575589, 0.000559221546
0.0908040106, 0.0183727444, 0.0269448012, 0.000587425893
0.0908040106, 0.020042412, 0.0155260488, 0.000586329086
0.0908040106, 0.0217120722, 0.00995349698, 0.000391185226

0.0908040106, 6.4448e-06, 0.00375590473, -0.000152678447
0.0908040106, 0.0016761125, 0.0271687396, 0.000423472607
0.0908040106, 0.0033457727, 0.0335557871, 0.000365307147
0.0908040106, 0.0050154403, 0.0327915996, -0.00118821848
0.0908040106, 0.0066851005, 0.0327164903, -0.000611809839
0.0908040106, 0.0083547682, 0.033911135, -0.000323950779
0.0908040106, 0.0100244284, 0.0340616815, 0.000314393023
0.0908040106, 0.0116940886, 0.0353164822, 0.000969569082
0.0908040106, 0.0133637563, 0.0350840613, 0.00137022778
0.0908040106, 0.0150334165, 0.0335397385, 0.000864250993
0.0908040106, 0.0167030842, 0.0314393528, -0.000331686635
0.0908040106, 0.0183727444, 0.0267127026, 0.00041270064
0.0908040106, 0.020042412, 0.0225359704, 0.000745361031
0.0908040106, 0.0217120722, 0.0215535257, -0.000317144877

0.0908040106, 6.4448e-06, 0.005037155, 0.00015662887
0.0908040106, 0.0016761125, 0.0276954845, 0.000460251293
0.0908040106, 0.0033457727, 0.0338085554, 0.0020931398
0.0908040106, 0.0050154403, 0.0336043052, 0.0010709028
0.0908040106, 0.0066851005, 0.0334540978, 4.46467566e-05
0.0908040106, 0.0083547682, 0.0332663469, 1.45488566e-05
0.0908040106, 0.0100244284, 0.0325787328, -0.000369308138
0.0908040106, 0.0116940886, 0.0333511457, -6.61879094e-05
0.0908040106, 0.0133637563, 0.0328608528, 0.00328689837
0.0908040106, 0.0150334165, 0.0320126414, 0.00266908063
0.0908040106, 0.0167030842, 0.0301798452, -0.000217705165
0.0908040106, 0.0183727444, 0.0249836706, -0.00109661079
0.0908040106, 0.020042412, 0.012243852, -0.000151309927
0.0908040106, 0.0217120722, 0.00929058064, -0.000357063604

0.0908040106, 6.4448e-06, 0.00566282822, 0.000359037484
0.0908040106, 0.0016761125, 0.0262881778, 0.000694609014
0.0908040106, 0.0033457727, 0.0306262411, 0.00143368123
0.0908040106, 0.0050154403, 0.0319634676, 0.000769906968
0.0908040106, 0.0066851005, 0.0329259522, 0.000310995994
0.0908040106, 0.0083547682, 0.0331919454, -0.000110864341
0.0908040106, 0.0100244284, 0.0326648131, 0.000720647164
0.0908040106, 0.0116940886, 0.0326855704, 0.00122597301
0.0908040106, 0.0133637563, 0.0321847759, 0.0012075149
0.0908040106, 0.0150334165, 0.0312063899, 0.00118072913
0.0908040106, 0.0167030842, 0.0309980847, 0.000445751619
0.0908040106, 0.0183727444, 0.0267311614, -0.000557873398
0.0908040106, 0.020042412, 0.0178922098, -0.000220299262
0.0908040106, 0.0217120722, 0.00781737268, -7.06718129e-05

0.0908040106, 6.4448e-06, 0.00325845019, 0.000340125262
0.0908040106, 0.0016761125, 0.0219622869, -0.000214894739
0.0908040106, 0.0033457727, 0.0296443645, -0.000790899154
0.0908040106, 0.0050154403, 0.0315141939, -0.000617672515
0.0908040106, 0.0066851005, 0.0320063233, 0.000798278838
0.0908040106, 0.0083547682, 0.0326417759, 0.00173515361
0.0908040106, 0.0100244284, 0.0331123918, 0.000647975539
0.0908040106, 0.0116940886, 0.033481054, -0.000115621544
0.0908040106, 0.0133637563, 0.0329833105, 0.00108154723
0.0908040106, 0.0150334165, 0.0319786444, 0.000103821112
0.0908040106, 0.0167030842, 0.0310717933, -0.000907491311
0.0908040106, 0.0183727444, 0.026680205, -0.00076117256
0.0908040106, 0.020042412, 0.0103215445, 0.000137077266
0.0908040106, 0.0217120722, 0.00242174324, -0.000802521128

0.0908040106, 6.4448e-06, 0.00461109169, -0.000141213997
0.0908040106, 0.0016761125, 0.0259463154, 0.00015749551
0.0908040106, 0.0033457727, 0.0323118642, 0.000144140562
0.0908040106, 0.0050154403, 0.0323023125, 0.00026994833
0.0908040106, 0.0066851005, 0.0315760374, 0.000922254578
0.0908040106, 0.0083547682, 0.0322543457, 0.00157447916
0.0908040106, 0.0100244284, 0.0324658528, 0.000975565868
0.0908040106, 0.0116940886, 0.0324738771, 0.000486730278
0.0908040106, 0.0133637563, 0.032990165, 0.00132887007
0.0908040106, 0.0150334165, 0.0327349342, 0.0021522739
0.0908040106, 0.0167030842, 0.0316597484, 0.00132616435
0.0908040106, 0.0183727444, 0.026491113, -0.000311905605
0.0908040106, 0.020042412, 0.00783028826, -0.000228131452
0.0908040106, 0.0217120722, 0.000689211301, 1.70523181e-05

0.0908040106, 6.4448e-06, 0.00493578473, 0.000824943592
0.0908040106, 0.0016761125, 0.0251160581, 0.00156315137
0.0908040106, 0.0033457727, 0.0307620671, -0.000684461149
0.0908040106, 0.0050154403, 0.0318984911, -0.000977667165
0.0908040106, 0.0066851005, 0.0316580944, -0.000672300113
0.0908040106, 0.0083547682, 0.0314713791, -0.000473138935
0.0908040106, 0.0100244284, 0.0305162463, -0.000170265324
0.0908040106, 0.0116940886, 0.0304131284, 0.000817142369
0.0908040106, 0.0133637563, 0.030796703, 0.000408769614
0.0908040106, 0.0150334165, 0.0310757719, -0.000146554958
0.0908040106, 0.0167030842, 0.0299772508, -0.000768632977
0.0908040106, 0.0183727444, 0.0238965005, -0.000710778171
0.0908040106, 0.020042412, 0.0120217474, -0.000468224578
0.0908040106, 0.0217120722, 0.0133310761, -0.00110080768

0.0908040106, 6.4448e-06, 0.00273613329, 0.000692616333
0.0908040106, 0.0016761125, 0.0225648284, 0.00110199198
0.0908040106, 0.0033457727, 0.0276831109, -0.000415415125
0.0908040106, 0.0050154403, 0.0301725883, -0.000955999363
0.0908040106, 0.0066851005, 0.0306843817, -0.000502385839
0.0908040106, 0.0083547682, 0.0312790051, 0.00029414639
0.0908040106, 0.0100244284, 0.0320049636, 0.000354240154
0.0908040106, 0.0116940886, 0.0321422368, 0.000154580586
0.0908040106, 0.0133637563, 0.0315956622, 0.000320696388
0.0908040106, 0.0150334165, 0.0308658443, 0.000395033538
0.0908040106, 0.0167030842, 0.0292238351, -0.000225826938
0.0908040106, 0.0183727444, 0.0223292783, -0.00139957864
0.0908040106, 0.020042412, 0.0123080388, 0.000237070824
0.0908040106, 0.0217120722, 0.00965899788, 0.00138337142

0.0908040106, 6.4448e-06, 0.0027717785, 0.000133859256
0.0908040106, 0.0016761125, 0.0176523421, 0.000515581458
0.0908040106, 0.0033457727, 0.0288073495, 0.00017012436
0.0908040106, 0.0050154403, 0.0317624621, -0.00027610184
0.0908040106, 0.0066851005, 0.0308315027, 0.00011118516
0.0908040106, 0.0083547682, 0.0317912474, 0.000278519234
0.0908040106, 0.0100244284, 0.0323422216, -0.000213002102
0.0908040106, 0.0116940886, 0.0313500203, -0.00103702105
0.0908040106, 0.0133637563, 0.0305343252, -0.000289642485
0.0908040106, 0.0150334165, 0.0300217029, 0.000160982978
0.0908040106, 0.0167030842, 0.0291000493, -0.000407698564
0.0908040106, 0.0183727444, 0.0229932703, 0.00106912723
0.0908040106, 0.020042412, 0.0167990197, 0.00116293493
0.0908040106, 0.0217120722, 0.0190499742, -0.000168384169

0.0908040106, 6.4448e-06, 0.00196372694, -0.000513358973
0.0908040106, 0.0016761125, 0.0174015928, -4.78365728e-05
0.0908040106, 0.0033457727, 0.0274239108, -0.00123640837
0.0908040106, 0.0050154403, 0.0300850887, -0.000486223027
0.0908040106, 0.0066851005, 0.0303345155, 0.000146004066
0.0908040106, 0.0083547682, 0.0313965492, -0.000169410792
0.0908040106, 0.0100244284, 0.031373214, 7.21264878e-05
0.0908040106, 0.0116940886, 0.0303552616, 0.000477525784
0.0908040106, 0.0133637563, 0.0306255091, 0.000168242463
0.0908040106, 0.0150334165, 0.0299084522, -0.000292270881
0.0908040106, 0.0167030842, 0.0291010607, -0.000710003951
0.0908040106, 0.0183727444, 0.0255073644, -0.000199923772
0.0908040106, 0.020042412, 0.0130912988, -0.00254425546
0.0908040106, 0.0217120722, 0.00971997529, -0.00217099115

0.0908040106, 6.4448e-06, 0.00359708769, 8.76806807e-05
0.0908040106, 0.0016761125, 0.0182594284, 0.00101176475
0.0908040106, 0.0033457727, 0.0264552459, 0.000892919372
0.0908040106, 0.0050154403, 0.0285910349, -6.41969527e-05
0.0908040106, 0.0066851005, 0.0288924258, -0.000139263299
0.0908040106, 0.0083547682, 0.0296422783, -0.000809921417
0.0908040106, 0.0100244284, 0.0296785291, -0.00174505974
0.0908040106, 0.0116940886, 0.0313776657, -0.000746811216
0.0908040106, 0.0133637563, 0.0317030586, 0.00061047764
0.0908040106, 0.0150334165, 0.0302634221, 0.000198586466
0.0908040106, 0.0167030842, 0.0287184808, -0.000639729318
0.0908040106, 0.0183727444, 0.0222380869, -0.000786268385
0.0908040106, 0.020042412, 0.0106479628, 0.000266494026
0.0908040106, 0.0217120722, 0.00991535094, -0.000223166891

0.0908040106, 6.4448e-06, 0.001412304, 0.000670271867
0.0908040106, 0.0016761125, 0.0145577816, 0.000918591279
0.0908040106, 0.0033457727, 0.0248275101, 0.000816614774
0.0908040106, 0.0050154403, 0.0300993342, 0.000109020963
0.0908040106, 0.0066851005, 0.0293065254, 8.2295378e-07
0.0908040106, 0.0083547682, 0.0298803579, -0.000167039398
0.0908040106, 0.0100244284, 0.0306257065, -0.000491631101
0.0908040106, 0.0116940886, 0.0311353896, 0.000903561653
0.0908040106, 0.0133637563, 0.0315718651, 0.000896939018
0.0908040106, 0.0150334165, 0.0308707934, 0.000511015009
0.0908040106, 0.0167030842, 0.0287798643, -0.000274597289
0.0908040106, 0.0183727444, 0.02262762, -0.000606155663
0.0908040106, 0.020042412, 0.0100781238, -0.00051419466
0.0908040106, 0.0217120722, 0.00182387186, -0.000802797964

0.0908040106, 6.4448e-06, 0.00199623033, -0.000161877455
0.0908040106, 0.0016761125, 0.0147000179, -0.000299973122
0.0908040106, 0.0033457727, 0.0270534698, -0.000160403462
0.0908040106, 0.0050154403, 0.0297137201, -0.00175627368
0.0908040106, 0.0066851005, 0.0289749354, -0.00120027422
0.0908040106, 0.0083547682, 0.0290457774, -0.000313722616
0.0908040106, 0.0100244284, 0.0284020063, -0.00127570529
0.0908040106, 0.0116940886, 0.0291353557, -0.000920709281
0.0908040106, 0.0133637563, 0.0306153111, -0.000854696147
0.0908040106, 0.0150334165, 0.0309713632, -0.000768450205
0.0908040106, 0.0167030842, 0.0281050149, -0.00082287949
0.0908040106, 0.0183727444, 0.0204246156, -0.000561601133
0.0908040106, 0.020042412, 0.0119814575, 0.000309698633
0.0908040106, 0.0217120722, 0.00760735758, -0.00058541511

0.0908040106, 6.4448e-06, 0.00239588437, 0.000428795785
0.0908040106, 0.0016761125, 0.0192034226, -0.000407410407
0.0908040106, 0.0033457727, 0.0271085519, 0.00200031558
0.0908040106, 0.0050154403, 0.0306852162, 0.00230924273
0.0908040106, 0.0066851005, 0.0310641546, 0.000878031016
0.0908040106, 0.0083547682, 0.030762447, -0.00045758934
0.0908040106, 0.0100244284, 0.0309154224, 0.000221441369
0.0908040106, 0.0116940886, 0.0303978175, 6.56865905e-06
0.0908040106, 0.0133637563, 0.029356746, 0.000150565902
0.0908040106, 0.0150334165, 0.0283231195, 0.000169498322
0.0908040106, 0.0167030842, 0.0265918858, 0.000208591126
0.0908040106, 0.0183727444, 0.0194508322, 0.00124004926
0.0908040106, 0.020042412, 0.00712043885, 0.000504786498
0.0908040106, 0.0217120722, 0.00705632754, -0.00152189599

0.0908040106, 6.4448e-06, 0.00583110703, 0.000508752302
0.0908040106, 0.0016761125, 0.0252226666, -0.000223075971
0.0908040106, 0.0033457727, 0.0289247055, 0.00083420251
0.0908040106, 0.0050154403, 0.0290341694, 0.00103497226
0.0908040106, 0.0066851005, 0.029588405, -0.00065217528
0.0908040106, 0.0083547682, 0.0293943491, -0.00065207592
0.0908040106, 0.0100244284, 0.0277512409, -0.00012060022
0.0908040106, 0.0116940886, 0.0275080763, 0.000614806661
0.0908040106, 0.0133637563, 0.0300169289, -0.000734319794
0.0908040106, 0.0150334165, 0.0285415575, -0.00148302573
0.0908040106, 0.0167030842, 0.0268385783, -0.000978457392
0.0908040106, 0.0183727444, 0.0215680543, -0.000350414804
0.0908040106, 0.020042412, 0.00928333215, 0.00040591869
0.0908040106, 0.0217120722, 0.00874238927, -0.00145968562

0.0908040106, 6.4448e-06, 0.000835948915, 0.000116572948
0.0908040106, 0.0016761125, 0.0140588302, 0.000511810242
0.0908040106, 0.0033457727, 0.0277616028, -0.000519018096
0.0908040106, 0.0050154403, 0.029776087, -0.000276810839
0.0908040106, 0.0066851005, 0.0284600444, 0.000605967245
0.0908040106, 0.0083547682, 0.0290130936, 0.00169845368
0.0908040106, 0.0100244284, 0.027732145, 0.00227134442
0.0908040106, 0.0116940886, 0.0282459445, -0.00037099226
0.0908040106, 0.0133637563, 0.0294535588, -0.000709712796
0.0908040106, 0.0150334165, 0.0285210367, 0.000615856319
0.0908040106, 0.0167030842, 0.0258234572, 0.00140287843
0.0908040106, 0.0183727444, 0.0141396504, 0.00164090213
0.0908040106, 0.020042412, 0.00604933547, 0.000524003292
0.0908040106, 0.0217120722, 0.0113254981, -0.00200323295

0.0908040106, 6.4448e-06, 0.00277260179, -0.000707308936
0.0908040106, 0.0016761125, 0.0198762454, -0.00101576862
0.0908040106, 0.0033457727, 0.0287230164, -0.00015540795
0.0908040106, 0.0050154403, 0.029074084, -6.32334923e-05
0.0908040106, 0.0066851005, 0.0277843904, -0.000174275381
0.0908040106, 0.0083547682, 0.02845148, -0.000872748613
0.0908040106, 0.0100244284, 0.0276918039, -0.00130925491
0.0908040106, 0.0116940886, 0.029091958, -0.000847021351
0.0908040106, 0.0133637563, 0.0299199484, -0.00123336713
0.0908040106, 0.0150334165, 0.0298702996, 0.000463729346
0.0908040106, 0.0167030842, 0.0285319667, 0.00234814454
0.0908040106, 0.0183727444, 0.0203071889, 0.000693305454
0.0908040106, 0.020042412, 0.0115313325, 3.92256297e-05
0.0908040106, 0.0217120722, 0.0118777137, -0.000167495484

0.0908040106, 6.4448e-06, 0.00158322311, -0.00113979715
0.0908040106, 0.0016761125, 0.0200000517, -0.00256377365
0.0908040106, 0.0033457727, 0.0277878884, -0.004102882
0.0908040106, 0.0050154403, 0.0273493882, -0.00226976746
0.0908040106, 0.0066851005, 0.027506575, -0.00053089112
0.0908040106, 0.0083547682, 0.0282247067, -0.00171200535
0.0908040106, 0.0100244284, 0.0282296836, -0.00197835895
0.0908040106, 0.0116940886, 0.0287442952, 0.000294087717
0.0908040106, 0.0133637563, 0.0278427787, -0.000476342015
0.0908040106, 0.0150334165, 0.0276185833, -0.000450569554
0.0908040106, 0.0167030842, 0.0246529281, 0.00154121511
0.0908040106, 0.0183727444, 0.0137720844, 0.00282085617
0.0908040106, 0.020042412, 0.00522679603, -0.00104557688
0.0908040106, 0.0217120722, 0.00227852585, -0.00260994537

0.0908040106, 6.4448e-06, 0.00232938188, -7.12664041e-05
0.0908040106, 0.0016761125, 0.0150798894, -0.00082293764
0.0908040106, 0.0033457727, 0.0251766108, -0.000897773542
0.0908040106, 0.0050154403, 0.0278166309, -0.000513891631
0.0908040106, 0.0066851005, 0.0274251439, -0.000319800834
0.0908040106, 0.0083547682, 0.0283814017, -1.56101905e-05
0.0908040106, 0.0100244284, 0.0296456479, 0.000231944854
0.0908040106, 0.0116940886, 0.0288746879, -0.00124923582
0.0908040106, 0.0133637563, 0.0276055876, -0.00104592915
0.0908040106, 0.0150334165, 0.027239807, -0.000687277759
0.0908040106, 0.0167030842, 0.0269841664, -0.000359109574
0.0908040106, 0.0183727444, 0.0194980782, 0.00242251367
0.0908040106, 0.020042412, 0.00319738523, 0.00297730137
0.0908040106, 0.0217120722, 0.00484470278, 7.72299172e-05

0.0908040106, 6.4448e-06, 0.00313580385, -0.00034540848
0.0908040106, 0.0016761125, 0.0163443163, -0.0013391024
0.0908040106, 0.0033457727, 0.02630358, -0.00502665108
0.0908040106, 0.0050154403, 0.0293475836, -0.00159430562
0.0908040106, 0.0066851005, 0.0289358497, 0.000439653551
0.0908040106, 0.0083547682, 0.0283326618, 0.000146255435
0.0908040106, 0.0100244284, 0.0275919102, 0.000550160941
0.0908040106, 0.0116940886, 0.0292666201, 0.00154194387
0.0908040106, 0.0133637563, 0.0302756615, -0.000828494667
0.0908040106, 0.0150334165, 0.0274214093, 0.000443604513
0.0908040106, 0.0167030842, 0.0247686971, 0.00384202204
0.0908040106, 0.0183727444, 0.0167151801, 0.00320433616
0.0908040106, 0.020042412, -0.000429900305, 0.00200591539
0.0908040106, 0.0217120722, 0.00110705022, 0.00121878553

0.0908040106, 6.4448e-06, 0.00167343381, 0.000277836458
0.0908040106, 0.0016761125, 0.0183840543, -0.00029858356
0.0908040106, 0.0033457727, 0.0269752555, 0.000821909518
0.0908040106, 0.0050154403, 0.0289971232, 1.78539485e-05
0.0908040106, 0.0066851005, 0.027403215, 0.00123084104
0.0908040106, 0.0083547682, 0.026128646, 0.00195359904
0.0908040106, 0.0100244284, 0.0265702195, 0.00034237816
0.0908040106, 0.0116940886, 0.0284571852, -0.001309257
0.0908040106, 0.0133637563, 0.0256094728, -0.000613628887
0.0908040106, 0.0150334165, 0.0254306458, 0.000357745041
0.0908040106, 0.0167030842, 0.0248852204, 0.000254015933
0.0908040106, 0.0183727444, 0.0133214695, 0.00130788307
0.0908040106, 0.020042412, 0.00364127825, -0.00087550038
0.0908040106, 0.0217120722, 0.00351226982, -2.30410405e-05

0.0908040106, 6.4448e-06, 0.0024051012, 0.00131790491
0.0908040106, 0.0016761125, 0.0134448651, 0.000956086384
0.0908040106, 0.0033457727, 0.0234628469, 0.00160542689
0.0908040106, 0.0050154403, 0.0251801722, 0.00159488479
0.0908040106, 0.0066851005, 0.0254873242, 0.000995221431
0.0908040106, 0.0083547682, 0.0274770558, 0.00127493811
0.0908040106, 0.0100244284, 0.0274224188, 0.000113343827
0.0908040106, 0.0116940886, 0.026809983, -0.002845007
0.0908040106, 0.0133637563, 0.0256544333, -0.00200050068
0.0908040106, 0.0150334165, 0.0255541932, -0.00109842001
0.0908040106, 0.0167030842, 0.0234690681, -0.000211955936
0.0908040106, 0.0183727444, 0.0101015996, 0.00191325485
0.0908040106, 0.020042412, 0.00240620947, 0.000176243921
0.0908040106, 0.0217120722, 0.0024642637, -0.00027349763

0.0908040106, 6.4448e-06, -0.00039103892, -6.88535583e-05
0.0908040106, 0.0016761125, 0.00812634546, 0.000893174671
0.0908040106, 0.0033457727, 0.024148494, -0.00178444677
0.0908040106, 0.0050154403, 0.0268444177, -0.00326200551
0.0908040106, 0.0066851005, 0.0253256708, -0.00202868646
0.0908040106, 0.0083547682, 0.0249620397, 0.000286379393
0.0908040106, 0.0100244284, 0.0258624721, -3.36703451e-05
0.0908040106, 0.0116940886, 0.0270425342, -0.00116635323
0.0908040106, 0.0133637563, 0.0276782047, 7.31554392e-05
0.0908040106, 0.0150334165, 0.0283569843, 0.000571801676
0.0908040106, 0.0167030842, 0.0265537128, 1.23129794e-05
0.0908040106, 0.0183727444, 0.0146943731, 0.00296665076
0.0908040106, 0.020042412, 0.00913336966, 0.00187785574
0.0908040106, 0.0217120722, 0.0013923198, 0.00272565358

0.0908040106, 6.4448e-06, 0.00173741649, 0.000180912204
0.0908040106, 0.0016761125, 0.0146340532, -0.000329987146
0.0908040106, 0.0033457727, 0.0261020698, -0.00144693942
0.0908040106, 0.0050154403, 0.0261287261, -0.00220372667
0.0908040106, 0.0066851005, 0.0244892705, -0.00145790295
0.0908040106, 0.0083547682, 0.0274494365, 0.000359350728
0.0908040106, 0.0100244284, 0.027963059, 9.83809659e-05
0.0908040106, 0.0116940886, 0.025565194, 0.000406277715
0.0908040106, 0.0133637563, 0.025488019, -0.000247094518
0.0908040106, 0.0150334165, 0.0261079203, -0.00122822146
0.0908040106, 0.0167030842, 0.0275454614, -0.00216294848
0.0908040106, 0.0183727444, 0.0217289515, -0.0024996351
0.0908040106, 0.020042412, 0.00415189611, -0.00252088881
0.0908040106, 0.0217120722, 0.00142092723, -0.00187145895

0.0908040106, 6.4448e-06, 0.000981285702, 0.000566973817
0.0908040106, 0.0016761125, 0.0140748555, 0.00158597564
0.0908040106, 0.0033457727, 0.0241878536, 0.00272093387
0.0908040106, 0.0050154403, 0.0267783441, 0.00177283958
0.0908040106, 0.0066851005, 0.0258080214, 0.00176714547
0.0908040106, 0.0083547682, 0.0264668707, 0.00157949363
0.0908040106, 0.0100244284, 0.025424026, -0.000793899759
0.0908040106, 0.0116940886, 0.0233945679, -0.00221879454
0.0908040106, 0.0133637563, 0.0262703355, -0.00169974659
0.0908040106, 0.0150334165, 0.0274290182, 0.000639250502
0.0908040106, 0.0167030842, 0.0284231882, 0.00167372555
0.0908040106, 0.0183727444, 0.0202213824, -0.000184004734
0.0908040106, 0.020042412, 0.00125323492, 0.000448581588
0.0908040106, 0.0217120722, 0.00509540318, 0.000724135549

0.0908040106, 6.4448e-06, 0.00111470022, -5.29511817e-05
0.0908040106, 0.0016761125, 0.0140425954, -0.000879064901
0.0908040106, 0.0033457727, 0.0235700104, 0.00315868412
0.0908040106, 0.0050154403, 0.0245561935, 0.000617731654
0.0908040106, 0.0066851005, 0.023794068, 0.00140900747
0.0908040106, 0.0083547682, 0.0235491395, 0.00186708849
0.0908040106, 0.0100244284, 0.0226243418, 0.00139459257
0.0908040106, 0.0116940886, 0.0251989309, 0.00140557124
0.0908040106, 0.0133637563, 0.0265081581, -0.000196731009
0.0908040106, 0.0150334165, 0.0247600954, -0.00283692521
0.0908040106, 0.0167030842, 0.0244538393, -0.00311582978
0.0908040106, 0.0183727444, 0.0196307618, -0.00126243755
0.0908040106, 0.020042412, 0.00459207688, -0.000493883505
0.0908040106, 0.0217120722, 0.00439704722, 9.26026114e-05

0.0908040106, 6.4448e-06, 0.00231961394, 0.001033023
0.0908040106, 0.0016761125, 0.0176979564, 0.00123250787
0.0908040106, 0.0033457727, 0.0256311428, -0.000443808007
0.0908040106, 0.0050154403, 0.0246078763, -0.000582836045
0.0908040106, 0.0066851005, 0.0241797101, 0.00169299729
0.0908040106, 0.0083547682, 0.0251603331, 0.000704027188
0.0908040106, 0.0100244284, 0.0255895145, -0.00133277127
0.0908040106, 0.0116940886, 0.0272689406, -0.00121929473
0.0908040106, 0.0133637563, 0.0243808217, -0.00144423451
0.0908040106, 0.0150334165, 0.0243008044, -0.000286832626
0.0908040106, 0.0167030842, 0.019772863, -0.000203815245
0.0908040106, 0.0183727444, 0.00588935381, -0.0009906739
0.0908040106, 0.020042412, 0.00202469691, 0.000399773329
0.0908040106, 0.0217120722, 0.00202817819, 0.00184837729

0.0908040106, 6.4448e-06, 0.00199516676, 0.000718520605
0.0908040106, 0.0016761125, 0.016511403, 0.00279574213
0.0908040106, 0.0033457727, 0.0239951704, 0.00244739139
0.0908040106, 0.0050154403, 0.0240494888, 0.00350477803
0.0908040106, 0.0066851005, 0.0245275944, 0.00433451403
0.0908040106, 0.0083547682, 0.0256517045, -0.00129461102
0.0908040106, 0.0100244284, 0.0253329128, -0.00200062478
0.0908040106, 0.0116940886, 0.0250807628, -0.000210685161
0.0908040106, 0.0133637563, 0.0262615625, 0.000149676867
0.0908040106, 0.0150334165, 0.0262627937, 0.00131141243
0.0908040106, 0.0167030842, 0.0232679006, 0.00111718383
0.0908040106, 0.0183727444, 0.00871501584, 0.00103503291
0.0908040106, 0.020042412, 0.00388847175, 0.00143974309
0.0908040106, 0.0217120722, 0.00328912726, 0.000814993982

0.0908040106, 6.4448e-06, 0.000259155728, -0.000227443044
0.0908040106, 0.0016761125, 0.00790434796, -0.000906972273
0.0908040106, 0.0033457727, 0.0191798191, -0.00187724375
0.0908040106, 0.0050154403, 0.0232994016, 3.2453976e-05
0.0908040106, 0.0066851005, 0.023387121, 0.000739614305
0.0908040106, 0.0083547682, 0.0242620856, 6.51070559e-06
0.0908040106, 0.0100244284, 0.025837535, -0.00131692958
0.0908040106, 0.0116940886, 0.0258608796, -0.00144940847
0.0908040106, 0.0133637563, 0.0274549481, 0.00335584348
0.0908040106, 0.0150334165, 0.0261304304, 0.00210819161
0.0908040106, 0.0167030842, 0.0231765341, -0.00203181384
0.0908040106, 0.0183727444, 0.0125115411, -0.00161676633
0.0908040106, 0.020042412, 0.000161277494, -0.000395113631
0.0908040106, 0.0217120722, 0.00425340422, -0.00206648977

0.0908040106, 6.4448e-06, 0.00173997576, 0.000454281719
0.0908040106, 0.0016761125, 0.0146242343, -0.00119318417
0.0908040106, 0.0033457727, 0.0223611128, -0.00721426588
0.0908040106, 0.0050154403, 0.0256869364, -0.00337651512
0.0908040106, 0.0066851005, 0.02611598, 0.00106062659
0.0908040106, 0.0083547682, 0.0250153542, 0.000516683504
0.0908040106, 0.0100244284, 0.0242823027, 0.000570656208
0.0908040106, 0.0116940886, 0.0242993794, -6.49005451e-05
0.0908040106, 0.0133637563, 0.0229675863, 0.00240844651
0.0908040106, 0.0150334165, 0.0234206449, 0.00320077781
0.0908040106, 0.0167030842, 0.0166155361, 0.00355628645
0.0908040106, 0.0183727444, 0.00204970827, 0.00465497514
0.0908040106, 0.020042412, 0.00140095188, 0.00063823961
0.0908040106, 0.0217120722, 0.00458202139, 0.000844403287

0.0908040106, 6.4448e-06, 0.00257812673, 0.000345562497
0.0908040106, 0.0016761125, 0.0130860163, -0.00044692459
0.0908040106, 0.0033457727, 0.0198408179, 3.52020688e-05
0.0908040106, 0.0050154403, 0.0247357711, 0.00237182062
0.0908040106, 0.0066851005, 0.0210947152, 0.00170538772
0.0908040106, 0.0083547682, 0.0178219024, 0.000743821671
0.0908040106, 0.0100244284, 0.0211630035, -0.000154947382
0.0908040106, 0.0116940886, 0.0232484005, 0.000176494592
0.0908040106, 0.0133637563, 0.0243629329, -0.000973552873
0.0908040106, 0.0150334165, 0.0249010399, 0.00021988849
0.0908040106, 0.0167030842, 0.0196820348, 0.00218157843
0.0908040106, 0.0183727444, 0.009197318, 0.00141176186
0.0908040106, 0.020042412, 0.00468426896, 0.000679583056
0.0908040106, 0.0217120722, 0.00285317679, 0.00102597487

0.0908040106, 6.4448e-06, 0.00148153934, -0.000231524318
0.0908040106, 0.0016761125, 0.0122416522, 0.00149538717
0.0908040106, 0.0033457727, 0.0199917164, 0.00449300464
0.0908040106, 0.0050154403, 0.0234413687, 0.000265662296
0.0908040106, 0.0066851005, 0.0233974401, -0.00430147024
0.0908040106, 0.0083547682, 0.0209820084, -0.00350472797
0.0908040106, 0.0100244284, 0.0200778656, -0.000671635382
0.0908040106, 0.0116940886, 0.0204453487, -0.000991607085
0.0908040106, 0.0133637563, 0.020833578, 0.00316385832
0.0908040106, 0.0150334165, 0.0214857254, 0.00276105385
0.0908040106, 0.0167030842, 0.0179875828, 0.000394643197
0.0908040106, 0.0183727444, 0.00805929489, 0.00111056236
0.0908040106, 0.020042412, -4.66507772e-05, 0.000790579768
0.0908040106, 0.0217120722, 0.000449492276, 0.00034943386

0.0908040106, 6.4448e-06, 0.0024464163, -0.000625726476
0.0908040106, 0.0016761125, 0.0121302344, -0.0025704212
0.0908040106, 0.0033457727, 0.0192984417, -0.00311430404
0.0908040106, 0.0050154403, 0.0227591414, -0.000704142207
0.0908040106, 0.0066851005, 0.0216082595, -0.00320415921
0.0908040106, 0.0083547682, 0.0206347406, -0.00134316087
0.0908040106, 0.0100244284, 0.0240032096, 0.000797466142
0.0908040106, 0.0116940886, 0.0255994759, 0.000935452059
0.0908040106, 0.0133637563, 0.0284511708, -0.000443875964
0.0908040106, 0.0150334165, 0.0249504615, -0.00130990823
0.0908040106, 0.0167030842, 0.0173705295, 0.0017153736
0.0908040106, 0.0183727444, 0.00775513612, 0.00281406613
0.0908040106, 0.020042412, -0.000835619867, 0.000504708791
0.0908040106, 0.0217120722, -0.00114348822, -0.000888616487

0.0908040106, 6.4448e-06, 0.00189629034, 1.8120154e-05
0.0908040106, 0.0016761125, 0.0119431699, -9.91760226e-06
0.0908040106, 0.0033457727, 0.0190183148, 0.00592450332
0.0908040106, 0.0050154403, 0.0225924216, 0.00185662904
0.0908040106, 0.0066851005, 0.0189223103, 0.000345089764
0.0908040106, 0.0083547682, 0.0173999313, 0.00445527444
0.0908040106, 0.0100244284, 0.0216517542, -0.00229054061
0.0908040106, 0.0116940886, 0.0195273254, -0.00298418617
0.0908040106, 0.0133637563, 0.0178929009, 0.00441250112
0.0908040106, 0.0150334165, 0.0187460054, 0.00551367551
0.0908040106, 0.0167030842, 0.0144627774, 0.00637471816
0.0908040106, 0.0183727444, 0.00534743769, 0.0020750165
0.0908040106, 0.020042412, 0.000843060843, -0.000884970825
0.0908040106, 0.0217120722, 0.00139664102, 0.000468339917

0.0908040106, 6.4448e-06, 0.000985636376, 0.00083644595
0.0908040106, 0.0016761125, 0.00837467425, -0.00065023097
0.0908040106, 0.0033457727, 0.0161491092, -0.00416699704
0.0908040106, 0.0050154403, 0.0178966839, 0.00103173847
0.0908040106, 0.0066851005, 0.0174116064, 0.00336478162
0.0908040106, 0.0083547682, 0.0196674112, 0.00332500343
0.0908040106, 0.0100244284, 0.0218389556, 0.00272963429
0.0908040106, 0.0116940886, 0.0210374109, 0.00139106344
0.0908040106, 0.0133637563, 0.0215032175, -0.000541921181
0.0908040106, 0.0150334165, 0.0228663441, -0.00360824959
0.0908040106, 0.0167030842, 0.0186424553, -0.00428081397
0.0908040106, 0.0183727444, 0.0083186347, -0.000658685458
0.0908040106, 0.020042412, 0.00333387894, 9.6628537e-05
0.0908040106, 0.0217120722, 0.00205627433, 0.000500267313

0.0908040106, 6.4448e-06, 0.000659477548, 0.0010668129
0.0908040106, 0.0016761125, 0.0101963235, 0.00189505157
0.0908040106, 0.0033457727, 0.0135071995, 0.00656049466
0.0908040106, 0.0050154403, 0.0200817268, 0.00254402636
0.0908040106, 0.0066851005, 0.0248423182, 0.00266528595
0.0908040106, 0.0083547682, 0.0204099789, 0.00930271205
0.0908040106, 0.0100244284, 0.0163563155, 0.00762707321
0.0908040106, 0.0116940886, 0.0230759587, -0.00451952964
0.0908040106, 0.0133637563, 0.0260510519, -0.0056789075
0.0908040106, 0.0150334165, 0.0228137523, 0.00121717574
0.0908040106, 0.0167030842, 0.0146149844, 0.00587075809
0.0908040106, 0.0183727444, 0.00687697157, 0.00122826698
0.0908040106, 0.020042412, 0.00675194105, 4.47357792e-07
0.0908040106, 0.0217120722, 0.00641160039, 0.00187828077

0.0908040106, 6.4448e-06, 0.00163556368, 0.000532868202
0.0908040106, 0.0016761125, 0.00852377247, 0.00184634805
0.0908040106, 0.0033457727, 0.0171243269, -0.00462535676
0.0908040106, 0.0050154403, 0.0186236612, -0.0073296898
0.0908040106, 0.0066851005, 0.0174983107, -0.00292308442
0.0908040106, 0.0083547682, 0.0215518381, -0.00131525192
0.0908040106, 0.0100244284, 0.0228395984, -0.00186448731
0.0908040106, 0.0116940886, 0.0170044228, -0.00247769407
0.0908040106, 0.0133637563, 0.0151325865, -0.00599036319
0.0908040106, 0.0150334165, 0.018318627, -0.00326079433
0.0908040106, 0.0167030842, 0.0222360883, -0.000821113063
0.0908040106, 0.0183727444, 0.0144603476, -0.000558285334
0.0908040106, 0.020042412, 0.00359583669, 0.00167329539
0.0908040106, 0.0217120722, 0.00378022226, 0.000411671324

0.0908040106, 6.4448e-06, 0.00298314285, 0.000733061577
0.0908040106, 0.0016761125, 0.0143704489, -0.000887360016
0.0908040106, 0.0033457727, 0.0150427101, -0.00443746196
0.0908040106, 0.0050154403, 0.017680265, -0.00295971986
0.0908040106, 0.0066851005, 0.0207210053, 0.00646326691
0.0908040106, 0.0083547682, 0.016884936, 0.00437044073
0.0908040106, 0.0100244284, 0.0144084915, 0.00139313668
0.0908040106, 0.0116940886, 0.0125174466, 0.00315773929
0.0908040106, 0.0133637563, 0.0160248186, 0.00185946072
0.0908040106, 0.0150334165, 0.0253369138, -0.000177509341
0.0908040106, 0.0167030842, 0.015931569, 0.000324751454
0.0908040106, 0.0183727444, 0.00495281257, 0.00224989909
0.0908040106, 0.020042412, 0.00352750975, 0.00169686519
0.0908040106, 0.0217120722, 0.00213149353, 0.000730690779

0.0908040106, 6.4448e-06, 0.00305392337, -0.000100796824
0.0908040106, 0.0016761125, 0.0097586913, -0.000597868115
0.0908040106, 0.0033457727, 0.0129010156, 0.00216943934
0.0908040106, 0.0050154403, 0.0155321574, 0.00527779804
0.0908040106, 0.0066851005, 0.0170197692, 0.00181657134
0.0908040106, 0.0083547682, 0.0150250606, 0.00102993683
0.0908040106, 0.0100244284, 0.0159929134, 0.003224293
0.0908040106, 0.0116940886, 0.0245569404, -0.00182967447
0.0908040106, 0.0133637563, 0.0245899968, -0.00427474827
0.0908040106, 0.0150334165, 0.0134930378, 0.000840339926
0.0908040106, 0.0167030842, 0.00771354279, 0.00303893443
0.0908040106, 0.0183727444, 0.00539803319, 0.000763378222
0.0908040106, 0.020042412, 0.000566514733, 0.00106797495
0.0908040106, 0.0217120722, -6.48553032e-05, -0.000764374738

0.0908040106, 6.4448e-06, 0.00169045909, 0.00204828288
0.0908040106, 0.0016761125, 0.00766628934, 0.00156152656
0.0908040106, 0.0033457727, 0.0188715551, 0.000543714035
0.0908040106, 0.0050154403, 0.0207530968, -0.00394323934
0.0908040106, 0.0066851005, 0.0167747196, 5.60455701e-05
0.0908040106, 0.0083547682, 0.015368049, 0.0019208343
0.0908040106, 0.0100244284, 0.0154969851, -0.00435845088
0.0908040106, 0.0116940886, 0.0125229582, -0.00184338843
0.0908040106, 0.0133637563, 0.00824963674, 0.00361358258
0.0908040106, 0.0150334165, 0.0136462934, 0.00177698652
0.0908040106, 0.0167030842, 0.0130068203, 0.000208437355
0.0908040106, 0.0183727444, 0.0106819868, -0.000739343348
0.0908040106, 0.020042412, 0.00150955201, -0.00118065882
0.0908040106, 0.0217120722, 0.00168606127, -0.000937779143

0.0908040106, 6.4448e-06, 0.00122196018, 0.000601909473
0.0908040106, 0.0016761125, 0.00459520752, 0.00217258348
0.0908040106, 0.0033457727, 0.0115231173, 0.00232283748
0.0908040106, 0.0050154403, 0.0173351522, -0.000533315295
0.0908040106, 0.0066851005, 0.0220636874, -0.00287975953
0.0908040106, 0.0083547682, 0.0233376194, -0.00510712061
0.0908040106, 0.0100244284, 0.0167633295, 0.00171101163
0.0908040106, 0.0116940886, 0.0151464455, 0.00697806012
0.0908040106, 0.0133637563, 0.0170062296, 0.00388489966
0.0908040106, 0.0150334165, 0.0134466402, 0.00316207902
0.0908040106, 0.0167030842, 0.00989403948, 0.000493321742
0.0908040106, 0.0183727444, 0.00698555261, -0.00330306706
0.0908040106, 0.020042412, 0.00266557001, -0.000567503681
0.0908040106, 0.0217120722, 0.00120578485, 0.000915026409

0.0908040106, 6.4448e-06, 0.00241960376, -0.000587060058
0.0908040106, 0.0016761125, 0.00609293533, -0.00107402122
0.0908040106, 0.0033457727, 0.0147712752, 0.00237419992
0.0908040106, 0.0050154403, 0.0179504566, -0.00109128095
0.0908040106, 0.0066851005, 0.0139716286, -0.0009140888
0.0908040106, 0.0083547682, 0.00965730473, -0.00108033116
0.0908040106, 0.0100244284, 0.0183204431, -0.0028593184
0.0908040106, 0.0116940886, 0.0242233109, -0.00124858983
0.0908040106, 0.0133637563, 0.0217643157, 0.00155121659
0.0908040106, 0.0150334165, 0.0175027028, 0.000162256765
0.0908040106, 0.0167030842, 0.0117728086, 0.00439486513
0.0908040106, 0.0183727444, 0.00602718117, 0.00357024535
0.0908040106, 0.020042412, 0.00260745431, 0.00132229959
0.0908040106, 0.0217120722, 0.00259473664, 0.0012084737

0.0908040106, 6.4448e-06, 0.00062987057, 0.000928359455
0.0908040106, 0.0016761125, 0.00647982908, 0.00172048144
0.0908040106, 0.0033457727, 0.0119002461, 0.00417586742
0.0908040106, 0.0050154403, 0.0157857835, -0.00167437689
0.0908040106, 0.0066851005, 0.018299304, -0.00455946755
0.0908040106, 0.0083547682, 0.0175938327, 5.8460857e-05
0.0908040106, 0.0100244284, 0.0144098699, 0.00265174173
0.0908040106, 0.0116940886, 0.0124352826, 0.00160831131
0.0908040106, 0.0133637563, 0.0152311521, 0.00312297512
0.0908040106, 0.0150334165, 0.0165160708, 0.00567817129
0.0908040106, 0.0167030842, 0.0134321088, 0.00705292402
0.0908040106, 0.0183727444, 0.00984802097, 0.00170036568
0.0908040106, 0.020042412, 0.00501936069, -0.00104794593
0.0908040106, 0.0217120722, 0.0020570769, 0.000204660697

0.0908040106, 6.4448e-06, 0.00315420609, 0.000472328655
0.0908040106, 0.0016761125, 0.0133832097, 0.000651023758
0.0908040106, 0.0033457727, 0.0222706851, -0.000771359715
0.0908040106, 0.0050154403, 0.0193135403, -0.00627610646
0.0908040106, 0.0066851005, 0.014148673, -0.0029737039
0.0908040106, 0.0083547682, 0.015977988, -0.0013521947
0.0908040106, 0.0100244284, 0.0152477566, -0.000549498596
0.0908040106, 0.0116940886, 0.00908672437, 0.00110929517
0.0908040106, 0.0133637563, 0.00894539989, 0.00297338446
0.0908040106, 0.0150334165, 0.0114182737, 0.00453185523
0.0908040106, 0.0167030842, 0.0132918274, 0.00164520054
0.0908040106, 0.0183727444, 0.00964760035, 0.000560092973
0.0908040106, 0.020042412, 0.00325038866, 0.000657591561
0.0908040106, 0.0217120722, 0.002293244, -0.000155165355

0.0908040106, 6.4448e-06, 0.00151599909, 0.000106632768
0.0908040106, 0.0016761125, 0.00593028357, 0.000461385352
0.0908040106, 0.0033457727, 0.0109602585, -0.00333119836
0.0908040106, 0.0050154403, 0.0145326098, 0.000289355492
0.0908040106, 0.0066851005, 0.0132146487, 0.000476000918
0.0908040106, 0.0083547682, 0.018567659, 0.00278264354
0.0908040106, 0.0100244284, 0.0185175054, 0.00428293413
0.0908040106, 0.0116940886, 0.0115188686, -0.00154255959
0.0908040106, 0.0133637563, 0.0136877615, 0.00478445087
0.0908040106, 0.0150334165, 0.0163620412, 0.00588907348
0.0908040106, 0.0167030842, 0.0137338182, 0.000547735719
0.0908040106, 0.0183727444, 0.00652123429, -0.00185764348
0.0908040106, 0.020042412, 0.0020843863, 0.000641096558
0.0908040106, 0.0217120722, 0.00106544385, 0.000596249185

0.0908040106, 6.4448e-06, 0.00341878645, 0.000639359234
0.0908040106, 0.0016761125, 0.011706125, 0.00112197897
0.0908040106, 0.0033457727, 0.0155754769, 0.00323618343
0.0908040106, 0.0050154403, 0.0139522031, 0.00615595421
0.0908040106, 0.0066851005, 0.0173322782, 0.00748426747
0.0908040106, 0.0083547682, 0.0175010953, 0.00782169867
0.0908040106, 0.0100244284, 0.0158132072, 0.00542974751
0.0908040106, 0.0116940886, 0.0171864871, 0.00225999416
0.0908040106, 0.0133637563, 0.0203388669, 0.00122912275
0.0908040106, 0.0150334165, 0.0215910226, 0.00167627039
0.0908040106, 0.0167030842, 0.0148345111, 0.00373758702
0.0908040106, 0.0183727444, 0.00769273331, -0.000413500471
0.0908040106, 0.020042412, 0.0025466145, 0.000911074341
0.0908040106, 0.0217120722, 0.000471508421, 0.00185347558

0.0908040106, 6.4448e-06, 0.00102441374, 0.000448489096
0.0908040106, 0.0016761125, 0.00722915307, -0.00178263208
0.0908040106, 0.0033457727, 0.0176249668, -0.0051815426
0.0908040106, 0.0050154403, 0.0163279083, -0.000753519067
0.0908040106, 0.0066851005, 0.0154895764, 0.000800576119
0.0908040106, 0.0083547682, 0.0184392482, -0.00203370233
0.0908040106, 0.0100244284, 0.0137255359, 0.00036360274
0.0908040106, 0.0116940886, 0.00808184501, 0.0042260047
0.0908040106, 0.0133637563, 0.00899768528, 0.00249186787
0.0908040106, 0.0150334165, 0.0113373809, 0.000312913122
0.0908040106, 0.0167030842, 0.00788392965, 0.00126639393
0.0908040106, 0.0183727444, 0.0038704779, 0.000174949542
0.0908040106, 0.020042412, 0.00153735175, 0.00146331277
0.0908040106, 0.0217120722, 0.000716361799, 0.000956406526

0.0908040106, 6.4448e-06, 0.00147538632, 0.000142106757
0.0908040106, 0.0016761125, 0.00859854929, -4.75004663e-06
0.0908040106, 0.0033457727, 0.0120470552, 0.00835133251
0.0908040106, 0.0050154403, 0.0108073168, 0.00512888795
0.0908040106, 0.0066851005, 0.0114428988, -0.00566451764
0.0908040106, 0.0083547682, 0.010893479, -0.00716427853
0.0908040106, 0.0100244284, 0.00741873961, 0.000186064557
0.0908040106, 0.0116940886, 0.0124508319, 0.00323812198
0.0908040106, 0.0133637563, 0.014630612, 0.00395574095
0.0908040106, 0.0150334165, 0.0126424525, -0.000559483189
0.0908040106, 0.0167030842, 0.00783590693, 0.000696524337
0.0908040106, 0.0183727444, 0.00473805144, 0.00289671961
0.0908040106, 0.020042412, 0.00369790522, 0.00125140697
0.0908040106, 0.0217120722, 0.00250627403, 0.000985326711

